0 
1.667083e-02 
3.334167e-02 
5.001250e-02 
6.668334e-02 
8.335417e-02 
1.000250e-01 
1.166958e-01 
1.333667e-01 
1.500375e-01 
1.667083e-01 
1.833792e-01 
2.000500e-01 
2.167208e-01 
2.333917e-01 
2.500625e-01 
2.667334e-01 
2.834042e-01 
3.000750e-01 
3.167459e-01 
3.334167e-01 
3.500875e-01 
3.667584e-01 
3.834292e-01 
4.001000e-01 
4.167709e-01 
4.334417e-01 
4.501125e-01 
4.667834e-01 
4.834542e-01 
5.001250e-01 
5.167959e-01 
5.334667e-01 
5.501375e-01 
5.668084e-01 
5.834792e-01 
6.001500e-01 
6.168209e-01 
6.334917e-01 
6.501625e-01 
6.668335e-01 
6.843118e-01 
7.032049e-01 
7.232626e-01 
7.442348e-01 
7.658712e-01 
7.879217e-01 
8.101360e-01 
8.322640e-01 
8.540556e-01 
8.752604e-01 
8.956284e-01 
9.149093e-01 
9.328529e-01 
9.492091e-01 
9.637277e-01 
9.761585e-01 
9.862512e-01 
9.937558e-01 
9.984220e-01 
1.000000e+00 
1.000000e+00 
1.000000e+00 
1.000000e+00 
1.000000e+00 
1.000000e+00 
1.000000e+00 
1 
1 
1 
1 
1 
1.000000e+00 
1.000000e+00 
1.000000e+00 
1.000000e+00 
1.000000e+00 
1.000000e+00 
1.000000e+00 
1.000000e+00 
1.000000e+00 
1.000000e+00 
1.000000e+00 
1.000000e+00 
1.000000e+00 
1.000000e+00 
1.000000e+00 
1.000000e+00 
1.000000e+00 
1.000000e+00 
1.000000e+00 
1.000000e+00 
1.000000e+00 
1.000000e+00 
1 
1 
1 
1 
1 
1 
1 
1 
1 
1 
1 
1 
1 
1 
1 
1 
1 
1 
1 
1 
1 
1 
1 
1 
1 
1 
1 
1 
1 
1 
1 
1 
1 
1 
1 
1 
1 
1 
1 
1 
1 
1 
1 
1 
1 
1 
1 
1 
1 
1 
1 
1 
1 
1 
1 
1 
1 
1 
1 
1 
1 
1 
1 
1 
1 
1 
1 
1 
1 
1 
1 
1 
1 
1 
1 
1 
1 
1 
1 
1 
1 
1 
1 
1 
1 
1 
1 
1 
1 
1 
1 
1 
1 
1 
1 
1 
1 
1 
1 
1 
1 
1 
1 
1 
1 
1 
1 
1 
1 
1 
1 
1 
1 
1 
1 
1 
1 
1 
1 
1 
1 
1 
1 
1 
1 
1 
1 
1 
1 
1 
1 
1 
1 
1 
1 
1 
1 
1 
1 
1 
1 
1 
1 
1 
1 
1 
1 
1 
1 
1 
1 
1 
1 
1 
1 
1 
1 
1 
1 
1 
1 
1 
1 
1 
1 
1 
1 
1 
1 
1 
1 
1 
1 
1 
1 
1 
1 
1 
1 
1 
1 
1 
1 
1 
1 
1 
1 
1 
1 
1 
1 
1 
1 
1 
1 
1 
1 
1 
1 
1 
1 
1 
1 
1 
1 
1 
1 
1 
1 
1 
1 
1 
1 
1 
1 
1 
1 
1 
1 
1 
1 
1 
1 
1 
1 
1 
1 
1 
1 
1 
1 
1 
1 
1 
1 
1 
1 
1 
1 
1 
1 
1 
1 
1 
1 
1 
1 
1 
1 
1 
1 
1 
1 
1 
1 
1 
1 
1 
1 
1 
1 
1 
1 
1 
1 
1 
1 
1 
1 
1 
1 
1 
1 
1 
1 
1 
1 
1 
1 
1 
1 
1 
1 
1 
1 
1 
1 
1 
1 
1 
1 
1 
1 
1 
1 
1 
1 
1 
1 
1 
1 
1 
1 
1 
1 
1 
1 
1 
1 
1 
1 
1 
1 
1 
1 
1 
1 
1 
1 
1 
1 
1 
1 
1 
1 
1 
1 
1 
1 
1 
1 
1 
1 
1 
1 
1 
1 
1 
1 
1 
1 
1 
1 
1 
1 
1 
1 
1 
1 
1 
1 
1 
1 
1 
1 
1 
1 
1 
1 
1 
1 
1 
1 
1 
1 
1 
1 
1 
1 
1 
1 
1 
1 
1 
1 
1 
1 
1 
1 
1 
1 
1 
1 
1 
1 
1 
1 
1 
1 
1 
1 
1 
1 
1 
1 
1 
1 
1 
1 
1 
1 
1 
1 
1 
1 
1 
9.999740e-01 
9.979489e-01 
9.928703e-01 
9.849883e-01 
9.745532e-01 
9.618151e-01 
9.470242e-01 
9.304307e-01 
9.122847e-01 
8.928366e-01 
8.723364e-01 
8.510344e-01 
8.291807e-01 
8.070255e-01 
7.848190e-01 
7.628114e-01 
7.412530e-01 
7.203937e-01 
7.004840e-01 
6.817739e-01 
6.644995e-01 
6.478286e-01 
6.311578e-01 
6.144870e-01 
5.978161e-01 
5.811453e-01 
5.644745e-01 
5.478036e-01 
5.311328e-01 
5.144619e-01 
4.977911e-01 
4.811203e-01 
4.644494e-01 
4.477786e-01 
4.311078e-01 
4.144369e-01 
3.977661e-01 
3.810953e-01 
3.644244e-01 
3.477536e-01 
3.310828e-01 
3.144119e-01 
2.977411e-01 
2.810703e-01 
2.643994e-01 
2.477286e-01 
2.310578e-01 
2.143869e-01 
1.977161e-01 
1.810453e-01 
1.643744e-01 
1.477036e-01 
1.310328e-01 
1.143619e-01 
9.769109e-02 
8.102026e-02 
6.434942e-02 
4.767859e-02 
3.100775e-02 
1.433692e-02 
-2.333917e-03 
-1.900475e-02 
-3.567559e-02 
-5.234642e-02 
-6.901725e-02 
-8.568809e-02 
-1.023589e-01 
-1.190298e-01 
-1.357006e-01 
-1.523714e-01 
-1.690423e-01 
-1.857131e-01 
-2.023839e-01 
-2.190548e-01 
-2.357256e-01 
-2.523964e-01 
-2.690673e-01 
-2.857381e-01 
-3.024089e-01 
-3.190798e-01 
-3.357506e-01 
-3.524214e-01 
-3.690923e-01 
-3.857631e-01 
-4.024339e-01 
-4.191048e-01 
-4.357756e-01 
-4.524464e-01 
-4.691173e-01 
-4.857881e-01 
-5.024589e-01 
-5.191298e-01 
-5.358006e-01 
-5.524715e-01 
-5.691423e-01 
-5.858131e-01 
-6.024840e-01 
-6.191548e-01 
-6.358256e-01 
-6.524965e-01 
-6.691859e-01 
-6.868773e-01 
-7.059486e-01 
-7.261494e-01 
-7.472296e-01 
-7.689390e-01 
-7.910275e-01 
-8.132449e-01 
-8.353408e-01 
-8.570653e-01 
-8.781680e-01 
-8.983989e-01 
-9.175076e-01 
-9.352441e-01 
-9.513581e-01 
-9.655994e-01 
-9.777179e-01 
-9.874634e-01 
-9.945857e-01 
-9.988345e-01 
-1 
-1 
-1 
-1 
-1 
-1 
-1 
-1 
-1 
-1 
-1 
-1 
-1 
-1 
-1 
-1 
-1 
-1 
-1 
-1 
-1 
-1 
-1 
-1 
-1 
-1 
-1 
-1 
-1 
-1 
-1 
-1 
-1 
-1 
-1 
-1 
-1 
-1 
-1 
-1 
-1 
-1 
-1 
-1 
-1 
-1 
-1 
-1 
-1 
-1 
-1 
-1 
-1 
-1 
-1 
-1 
-1 
-1 
-1 
-1 
-1 
-1 
-1 
-1 
-1 
-1 
-1 
-1 
-1 
-1 
-1 
-1 
-1 
-1 
-1 
-1 
-1 
-1 
-1 
-1 
-1 
-1 
-1 
-1 
-1 
-1 
-1 
-1 
-1 
-1 
-1 
-1 
-1 
-1 
-1 
-1 
-1 
-1 
-1 
-1 
-1 
-1 
-1.000000e+00 
-1.000000e+00 
-1.000000e+00 
-1.000000e+00 
-1.000000e+00 
-1.000000e+00 
-1.000000e+00 
-1.000000e+00 
-1.000000e+00 
-1.000000e+00 
-1.000000e+00 
-1.000000e+00 
-1.000000e+00 
-1.000000e+00 
-1.000000e+00 
-1.000000e+00 
-1.000000e+00 
-1.000000e+00 
-1.000000e+00 
-1.000000e+00 
-1.000000e+00 
-1.000000e+00 
-1.000000e+00 
-1.000000e+00 
-1.000000e+00 
-1.000000e+00 
-1.000000e+00 
-1.000000e+00 
-1.000000e+00 
-1.000000e+00 
-1.000000e+00 
-1.000000e+00 
-1.000000e+00 
-1.000000e+00 
-1.000000e+00 
-1.000000e+00 
-1 
-1 
-1 
-1 
-1 
-1 
-1 
-1 
-1 
-1 
-1 
-1 
-1 
-1 
-1 
-1 
-1 
-1 
-1 
-1 
-1 
-1 
-1 
-1 
-1 
-1 
-1 
-1 
-1 
-1 
-1 
-1 
-1 
-1 
-1 
-1 
-1 
-1 
-1 
-1 
-1 
-1 
-1 
-1 
-1 
-1 
-1 
-1 
-1 
-1 
-1 
-1 
-1 
-1 
-1 
-1 
-1 
-1 
-1 
-1 
-1 
-1 
-1 
-1 
-1 
-1 
-1 
-1 
-1 
-1 
-1 
-1 
-1 
-1 
-1 
-1 
-1 
-1 
-1 
-1 
-1 
-1 
-1 
-1 
-1 
-1 
-1 
-1 
-1 
-1 
-1 
-1 
-1 
-1 
-1 
-1 
-1 
-1 
-1 
-1 
-1 
-1 
-1 
-1 
-1 
-1 
-1 
-1 
-1 
-1 
-1 
-1 
-1 
-1 
-1 
-1 
-1 
-1 
-1 
-1 
-1 
-1 
-1 
-1 
-1 
-1 
-1 
-1 
-1 
-1 
-1 
-1 
-1 
-1 
-1 
-1 
-1 
-1 
-1 
-1 
-1 
-1 
-1 
-1 
-1 
-1 
-1 
-1.000000e+00 
-1.000000e+00 
-1.000000e+00 
-1.000000e+00 
-1.000000e+00 
-1.000000e+00 
-1.000000e+00 
-1.000000e+00 
-1.000000e+00 
-1.000000e+00 
-1.000000e+00 
-1.000000e+00 
-1.000000e+00 
-1.000000e+00 
-1.000000e+00 
-1.000000e+00 
-1.000000e+00 
-1.000000e+00 
-1.000000e+00 
-1.000000e+00 
-1.000000e+00 
-1.000000e+00 
-1.000000e+00 
-1.000000e+00 
-1.000000e+00 
-1.000000e+00 
-1.000000e+00 
-1.000000e+00 
-1.000000e+00 
-1.000000e+00 
-1.000000e+00 
-1 
-1 
-1 
-1 
-1 
-1 
-1 
-1 
-1 
-1 
-1 
-1 
-1 
-1 
-1 
-1 
-1 
-1 
-1 
-1 
-1 
-1 
-1 
-1 
-1 
-1 
-1 
-1 
-1 
-1 
-1 
-1 
-1 
-1 
-1 
-1 
-1 
-1 
-1 
-1 
-1 
-1 
-1 
-1 
-1 
-1 
-1 
-1 
-1 
-1 
-1 
-1 
-1 
-1 
-1 
-1 
-1 
-1 
-1 
-1 
-1 
-1 
-1 
-1 
-1 
-1 
-1 
-1 
-1 
-1 
-1 
-1 
-1 
-1 
-1 
-1 
-1 
-1 
-1 
-1 
-1 
-1 
-1 
-1 
-1 
-1 
-1 
-1 
-1 
-1 
-1 
-1 
-1 
-1 
-1 
-1 
-1 
-1 
-1 
-1 
-1 
-1 
-1 
-1 
-1 
-1 
-1 
-1 
-1 
-1 
-1 
-1 
-1 
-1 
-1.000000e+00 
-1.000000e+00 
-1.000000e+00 
-1.000000e+00 
-1.000000e+00 
-1.000000e+00 
-1.000000e+00 
-1.000000e+00 
-1.000000e+00 
-1.000000e+00 
-1.000000e+00 
-1.000000e+00 
-1.000000e+00 
-1.000000e+00 
-1.000000e+00 
-1.000000e+00 
-1.000000e+00 
-1.000000e+00 
-1.000000e+00 
-1.000000e+00 
-1 
-1 
-1 
-1 
-1 
-1 
-1 
-1 
-1 
-1 
-1 
-1 
-1 
-1 
-1 
-1 
-1 
-1 
-1 
-1 
-1 
-1 
-1 
-1 
-1 
-1 
-1 
-1 
-1 
-1 
-1 
-1 
-1 
-1 
-1 
-1 
-1 
-1 
-1 
-1 
-1.000000e+00 
-1.000000e+00 
-1.000000e+00 
-1.000000e+00 
-1.000000e+00 
-1.000000e+00 
-1.000000e+00 
-1.000000e+00 
-1.000000e+00 
-1.000000e+00 
-1.000000e+00 
-1.000000e+00 
-1.000000e+00 
-1.000000e+00 
-1.000000e+00 
-1 
-1 
-1 
-1 
-1 
-1 
-1 
-1.000000e+00 
-1.000000e+00 
-1.000000e+00 
-1.000000e+00 
-1.000000e+00 
-1.000000e+00 
-1.000000e+00 
-1.000000e+00 
-1.000000e+00 
-1.000000e+00 
-1.000000e+00 
-1.000000e+00 
-1.000000e+00 
-1.000000e+00 
-1.000000e+00 
-1.000000e+00 
-1.000000e+00 
-1.000000e+00 
-1 
-1 
-1 
-1 
-1 
-1 
-1 
-1 
-1 
-1 
-1 
-1 
-1 
-1 
-1 
-1 
-1 
-1 
-1 
-1 
-1 
-1 
-1 
-1 
-1 
-1 
-1 
-1 
-1 
-1 
-1 
-1 
-1 
-1 
-1 
-1 
-1 
-1 
-1 
-1 
-1 
-1 
-1 
-1 
-1 
-1 
-1 
-1 
-1 
-1 
-1 
-1 
-1 
-1 
-1 
-1 
-1 
-1 
-1 
-1 
-1 
-1 
-1 
-1 
-1 
-1 
-1 
-1 
-1 
-1 
-1 
-1 
-1 
-1 
-1 
-1 
-1 
-1 
-1 
-1 
-1 
-1 
-1 
-1 
-1 
-1 
-1 
-1 
-1 
-1 
-1 
-1 
-1 
-1.000000e+00 
-1.000000e+00 
-1.000000e+00 
-1.000000e+00 
-1.000000e+00 
-1.000000e+00 
-1.000000e+00 
-1.000000e+00 
-1.000000e+00 
-1.000000e+00 
-1.000000e+00 
-1.000000e+00 
-1.000000e+00 
-1.000000e+00 
-1.000000e+00 
-1.000000e+00 
-1.000000e+00 
-1.000000e+00 
-1.000000e+00 
-1.000000e+00 
-1.000000e+00 
-1.000000e+00 
-1.000000e+00 
-1.000000e+00 
-1.000000e+00 
-1.000000e+00 
-1.000000e+00 
-1.000000e+00 
-1.000000e+00 
-1.000000e+00 
-1.000000e+00 
-1.000000e+00 
-1.000000e+00 
-1.000000e+00 
-1 
-1 
-1 
-1 
-1 
-1 
-1 
-1 
-1 
-1 
-1 
-1 
-1 
-1 
-1 
-1 
-1 
-1 
-1 
-1 
-1 
-1 
-1 
-1 
-1 
-1 
-1 
-1 
-1 
-1 
-1 
-1 
-1 
-1 
-1 
-1 
-1 
-1 
-1 
-1 
-1 
-1 
-1 
-1 
-1 
-1 
-1 
-1 
-1 
-1 
-1 
-1 
-1 
-1 
-1 
-1 
-1 
-1 
-1 
-1 
-1 
-1 
-1 
-1 
-1 
-1 
-1 
-1 
-1 
-1 
-1 
-1 
-1 
-1 
-1 
-1 
-1 
-1 
-1 
-1 
-1 
-1 
-1 
-1 
-1 
-1 
-1 
-1 
-1 
-1 
-1 
-1 
-1 
-1 
-1 
-1 
-1 
-1 
-1 
-1 
-1 
-1 
-1 
-1 
-1 
-1 
-1 
-1 
-1 
-1 
-1 
-1 
-1 
-1 
-1 
-1 
-1 
-1 
-1 
-1 
-1 
-1 
-1 
-1 
-1 
-1 
-1 
-1 
-1 
-1 
-1 
-1 
-1 
-1 
-1 
-1 
-1 
-1 
-1 
-1 
-1 
-1 
-1 
-1 
-1 
-1 
-1.000000e+00 
-1.000000e+00 
-1.000000e+00 
-1.000000e+00 
-1.000000e+00 
-1.000000e+00 
-1.000000e+00 
-1.000000e+00 
-1.000000e+00 
-1.000000e+00 
-1.000000e+00 
-1.000000e+00 
-1.000000e+00 
-1.000000e+00 
-1.000000e+00 
-1.000000e+00 
-1.000000e+00 
-1.000000e+00 
-1.000000e+00 
-1.000000e+00 
-1.000000e+00 
-1.000000e+00 
-1.000000e+00 
-1.000000e+00 
-1.000000e+00 
-1.000000e+00 
-1.000000e+00 
-1.000000e+00 
-1.000000e+00 
-1.000000e+00 
-1.000000e+00 
-1.000000e+00 
-1.000000e+00 
-1.000000e+00 
-1 
-1 
-1 
-1 
-1 
-1 
-1 
-1 
-1 
-1 
-1 
-1 
-1 
-1 
-1 
-1 
-1 
-1 
-1 
-1 
-1 
-1 
-1 
-1 
-1 
-1 
-1 
-1 
-1 
-1 
-1 
-1 
-1 
-1 
-1 
-1 
-1 
-1 
-1 
-1 
-1 
-1 
-1 
-1 
-1 
-1 
-1 
-1 
-1 
-1 
-1 
-1 
-1 
-1 
-1 
-1 
-1 
-1 
-1 
-1 
-1 
-1 
-1 
-1 
-1 
-1 
-1 
-1 
-1 
-1 
-1 
-1 
-1 
-1 
-1 
-1 
-1 
-1 
-1 
-1 
-1 
-1 
-1 
-1 
-1 
-1 
-1 
-1 
-1 
-1 
-1 
-1 
-1 
-1 
-1 
-1 
-1 
-1 
-1 
-1 
-1 
-1 
-1 
-1 
-1 
-1 
-1 
-1 
-1 
-1 
-1 
-1 
-1 
-1 
-1 
-1 
-1 
-1 
-1 
-1 
-1 
-1 
-1 
-1 
-1 
-1 
-1 
-1 
-1 
-1 
-1 
-1 
-1 
-1 
-1 
-1 
-1 
-1 
-1 
-1 
-1 
-1 
-1 
-1 
-1 
-1 
-1 
-1 
-1 
-1 
-1 
-1 
-1 
-1 
-1 
-1 
-1 
-1 
-1 
-1 
-1 
-1 
-1 
-1 
-1 
-1 
-1 
-1 
-1 
-1 
-1 
-1 
-1 
-1 
-1 
-1 
-1 
-1 
-1 
-1 
-1 
-1 
-1 
-1 
-1 
-1 
-1 
-1 
-1 
-1 
-1 
-1 
-1 
-1 
-1 
-1 
-1 
-1 
-1 
-1 
-1 
-1 
-1 
-1 
-1 
-1 
-1 
-1 
-1 
-1 
-1 
-1 
-1 
-1 
-1 
-1 
-1 
-1 
-1 
-1 
-1 
-1 
-1 
-1 
-1 
-1 
-1 
-1 
-1 
-1 
-1 
-1 
-1 
-1 
-1 
-1 
-1 
-1 
-1 
-1 
-1 
-1 
-1 
-1 
-1 
-1 
-1 
-1 
-1 
-1 
-1 
-1 
-1 
-1 
-1 
-1 
-1 
-1 
-1 
-1 
-1 
-1 
-1 
-1 
-1 
-1 
-1 
-1 
-1 
-1 
-1 
-1 
-1 
-1 
-1 
-1 
-1 
-1 
-1 
-1 
-1 
-1 
-1 
-1 
-1 
-1 
-1 
-1 
-1 
-1 
-1 
-1 
-1 
-1 
-1 
-1 
-1 
-1 
-1 
-1 
-1 
-1 
-1 
-1 
-1 
-1 
-1 
-1 
-1 
-1 
-1 
-1 
-1 
-1 
-1 
-1 
-1 
-1 
-1 
-1 
-1 
-1 
-1 
-1 
-1 
-1 
-1 
-1 
-1 
-1 
-1 
-1 
-1 
-1 
-1 
-1 
-1 
-1 
-1 
-1 
-1 
-1 
-1 
-1 
-1 
-1 
-1 
-1 
-1 
-1 
-1 
-1 
-1 
-1 
-1 
-1 
-1 
-1 
-1 
-1 
-1 
-1 
-1 
-1 
-1 
-1 
-1 
-1 
-1 
-1 
-1 
-1 
-1 
-1 
-1 
-1 
-1 
-1 
-1 
-1 
-1 
-1 
-1 
-1 
-1 
-1 
-1 
-1 
-1 
-1 
-1 
-1 
-1 
-1 
-1 
-1 
-1 
-1 
-1 
-1 
-1 
-1 
-1 
-1 
-1 
-1 
-1 
-1 
-1 
-1 
-1 
-1 
-1 
-1 
-1 
-1 
-1 
-1 
-1 
-1 
-1 
-1 
-1 
-1 
-1 
-1 
-1 
-1 
-1 
-1 
-1 
-1 
-1 
-1 
-1 
-1 
-1 
-1 
-1 
-1 
-1 
-1 
-1 
-1 
-1 
-1 
-1 
-1 
-1 
-1 
-1 
-1 
-1 
-1 
-1 
-1 
-1 
-1 
-1 
-1 
-1 
-1 
-1 
-1 
-1 
-1 
-1 
-1 
-1 
-1 
-1 
-1 
-1 
-1 
-1 
-1 
-1 
-1 
-1 
-1 
-1 
-1 
-1 
-1 
-1 
-1 
-1 
-1 
-1 
-1 
-1 
-1 
-1 
-1 
-1 
-1 
-1 
-1 
-1 
-1 
-1 
-1 
-1 
-1 
-1 
-1 
-1 
-1 
-1 
-1 
-1 
-1 
-1 
-1 
-1 
-1 
-1 
-1 
-1 
-1 
-1 
-1 
-1 
-1 
-1 
-1 
-1 
-1 
-1 
-1 
-1 
-1 
-1 
-1 
-1 
-1 
-1 
-1 
-1 
-1 
-1 
-1 
-1 
-1 
-1 
-1 
-1 
-1 
-1 
-1 
-1 
-1 
-1 
-1 
-1 
-1 
-1 
-1 
-1 
-1 
-1 
-1 
-1 
-1 
-1 
-1 
-1 
-1 
-1 
-1 
-1 
-1 
-1 
-1 
-1 
-1 
-1 
-1 
-1 
-1 
-1 
-1 
-1 
-1 
-1 
-1 
-1 
-1 
-1 
-1 
-1 
-1 
-1 
-1 
-1 
-1 
-1 
-1 
-1 
-1 
-1 
-1 
-1 
-1 
-1 
-1 
-1 
-1 
-1 
-1 
-1 
-1 
-1 
-1 
-1 
-1 
-1 
-1 
-1 
-1 
-1 
-1 
-1 
-1 
-1 
-1 
-1 
-1 
-1 
-1 
-1 
-1 
-1 
-1 
-1 
-1 
-1 
-1 
-1 
-1 
-1 
-1 
-1 
-9.996278e-01 
-9.969355e-01 
-9.918079e-01 
-9.844417e-01 
-9.750338e-01 
-9.637809e-01 
-9.508798e-01 
-9.365273e-01 
-9.209202e-01 
-9.042553e-01 
-8.867294e-01 
-8.685393e-01 
-8.498817e-01 
-8.309535e-01 
-8.119514e-01 
-7.930723e-01 
-7.745129e-01 
-7.564700e-01 
-7.391404e-01 
-7.227209e-01 
-7.071986e-01 
-6.915823e-01 
-6.757333e-01 
-6.596713e-01 
-6.434161e-01 
-6.269873e-01 
-6.104047e-01 
-5.936881e-01 
-5.768570e-01 
-5.599313e-01 
-5.429307e-01 
-5.258748e-01 
-5.087835e-01 
-4.916764e-01 
-4.745732e-01 
-4.574937e-01 
-4.404575e-01 
-4.234845e-01 
-4.065943e-01 
-3.898066e-01 
-3.731219e-01 
-3.564511e-01 
-3.397803e-01 
-3.231094e-01 
-3.064386e-01 
-2.897678e-01 
-2.730969e-01 
-2.564261e-01 
-2.397553e-01 
-2.230844e-01 
-2.064136e-01 
-1.897427e-01 
-1.730719e-01 
-1.564011e-01 
-1.397302e-01 
-1.230594e-01 
-1.063886e-01 
-8.971774e-02 
-7.304691e-02 
-5.637607e-02 
-3.970524e-02 
-2.303440e-02 
-6.363569e-03 
1.030727e-02 
2.697810e-02 
4.364893e-02 
6.031977e-02 
7.699060e-02 
9.366144e-02 
1.103323e-01 
1.270031e-01 
1.436739e-01 
1.603448e-01 
1.770156e-01 
1.936864e-01 
2.103573e-01 
2.270281e-01 
2.436989e-01 
2.603698e-01 
2.770406e-01 
2.937114e-01 
3.103823e-01 
3.270531e-01 
3.437240e-01 
3.603948e-01 
3.770656e-01 
3.937365e-01 
4.104073e-01 
4.270781e-01 
4.437490e-01 
4.604198e-01 
4.770906e-01 
4.937615e-01 
5.104323e-01 
5.271031e-01 
5.437740e-01 
5.604448e-01 
5.771156e-01 
5.937865e-01 
6.104573e-01 
6.273109e-01 
6.451756e-01 
6.639938e-01 
6.835789e-01 
7.037447e-01 
7.243047e-01 
7.450725e-01 
7.658618e-01 
7.864861e-01 
8.067590e-01 
8.264942e-01 
8.455053e-01 
8.636058e-01 
8.806094e-01 
8.963297e-01 
9.105803e-01 
9.231748e-01 
9.339267e-01 
9.426498e-01 
9.491576e-01 
9.536331e-01 
9.577523e-01 
9.617377e-01 
9.655799e-01 
9.692695e-01 
9.727973e-01 
9.761539e-01 
9.793300e-01 
9.823162e-01 
9.851033e-01 
9.876820e-01 
9.900428e-01 
9.921766e-01 
9.940739e-01 
9.957254e-01 
9.971219e-01 
9.982540e-01 
9.991123e-01 
9.996876e-01 
9.999705e-01 
1 
1 
1 
1 
1 
1 
1 
1 
1 
1 
1 
1 
1 
1 
1 
1 
1 
1 
1 
1 
1 
1 
1 
1 
1 
1 
1 
1 
1 
1 
1 
1 
1 
1 
1 
1 
1 
1 
1 
1 
1 
1 
1 
1 
1 
1 
1 
1 
1 
1 
1 
1 
1 
1 
1 
1 
1 
1 
1 
1 
1 
1 
1 
1 
1 
1 
1 
1 
1 
1 
1 
1 
1 
1 
1 
1 
1 
1 
1 
1 
1 
1 
1 
1 
1 
1 
1 
1 
1 
1 
1 
1 
1 
1 
1 
1 
1 
1 
1 
1 
1 
1 
1 
1 
1 
1 
1 
1 
1 
1 
1 
1 
1 
1 
1 
1 
1 
1 
1 
1 
1 
1 
1 
1 
1 
1 
1 
1 
1 
1 
1 
1 
1 
1 
1 
1 
1 
1 
1 
1 
1 
1 
1 
1 
1 
1 
1 
1 
1 
1 
1 
1 
1 
1 
1 
1 
1 
1 
1 
1 
1 
1 
1 
1 
1 
1 
1 
1 
1 
1 
1 
1 
1 
1 
1 
1 
1 
1 
1 
1 
1 
1 
1 
1 
1 
1 
1 
1 
1 
1 
1 
1 
1 
1 
1 
1 
1 
1 
1 
1 
1 
1 
1 
1 
1 
1 
1 
1 
1 
1 
1 
1 
1 
1 
1 
1 
1 
1 
1 
1 
1 
1 
1 
1 
1 
1 
1 
1 
1 
1 
1 
1 
1 
1 
1 
1 
1 
1 
1 
1 
1 
1 
1 
1 
1 
1 
1 
1 
1 
1 
1 
1 
1 
1 
1 
1 
1 
1 
1 
1 
1 
1 
1 
1 
1 
1 
1 
1 
1 
1 
1 
1 
1 
1 
1 
1 
1 
1 
1 
1 
1 
1 
1 
1 
1 
1 
1 
1 
1 
1 
1 
1 
1 
1 
1 
1 
1 
1 
1 
1 
1 
1 
1 
1 
1 
1 
1 
1 
1 
1 
1 
1 
1 
1 
1 
1 
1 
1 
1 
1 
1 
1 
1 
1 
1 
1 
1 
1 
1 
1 
1 
1 
1 
1 
1 
1 
1 
1 
1 
1 
1 
1 
1 
1 
1 
1 
1 
1 
1 
1 
1 
1 
1 
1 
1 
1 
1 
1 
1 
1 
1 
1 
1 
1 
1 
1 
1 
1 
1 
1 
1 
1 
1 
1 
1 
1 
1 
1 
1 
1 
1 
1 
1 
1 
1 
1 
1 
1 
1 
1 
1 
1 
1 
1 
1 
1 
1 
1 
1 
1 
1 
1 
1 
1 
1 
1 
1 
1 
1 
1 
1 
1 
1 
1 
1 
1 
1 
1 
1 
1 
1 
1 
1 
1 
1 
1 
1 
1 
1 
1 
1 
1 
1 
1 
1 
1 
1 
1 
1 
1 
1 
1 
1 
1 
1 
1 
1 
1 
1 
1 
1 
1 
1 
1 
1 
1 
1 
1 
1 
1 
1 
1 
1 
1 
1 
1 
1 
1 
1 
1 
1 
1 
1 
1 
1 
1 
1 
1 
1 
1 
1 
1 
1 
1 
1 
1 
1 
1 
1 
1 
1 
1 
1 
1 
1 
1 
1 
1 
1 
1 
1 
1 
1 
1 
1 
1 
1 
1 
1 
1 
1 
1 
1 
1 
1 
1 
1 
1 
1 
1 
1 
1 
1 
1 
1 
1 
1 
1 
1 
1 
1 
1 
1 
1 
1 
1 
1 
1 
1 
1 
1 
1 
1 
1 
1 
1 
1 
1 
1 
1 
1 
1 
1 
1 
1 
1 
1 
1 
1 
1 
1 
1 
1 
1 
1 
1 
1 
1 
1 
1 
1 
1 
1 
1 
1 
1 
1 
1 
1 
1 
1 
1 
1 
1 
1 
1 
1 
1 
1 
1 
1 
1 
1 
1 
1 
1 
1 
1 
1 
1 
1 
1 
1 
1 
1 
1 
1 
1 
1 
1 
1 
1 
1 
1 
1 
1 
1 
1 
1 
1 
1 
1 
1 
1 
1 
1 
1 
1 
1 
1 
1 
1 
1 
1 
1 
1 
1 
1 
1 
1 
1 
1 
1 
1 
1 
1 
1 
1 
1 
1 
1 
1 
1 
1 
1 
1 
1 
1 
1 
1 
1 
1 
1 
1 
1 
1 
1 
1 
1 
1 
1 
1 
1 
1 
1 
1 
1 
1 
1 
1 
1 
1 
1 
1 
1 
1 
1 
1 
1 
1 
1 
1 
1 
1 
1 
1 
1 
1 
1 
1 
1 
1 
1 
1 
1 
1 
1 
1 
1 
1 
1 
1 
1 
1 
1 
1 
1 
1 
1 
1 
1 
1 
1 
1 
1 
1 
1 
1 
1 
1 
1 
1 
1 
1 
1 
1 
1 
1 
1 
1 
1 
1 
1 
1 
1 
1 
1 
1 
1 
1 
1 
1 
1 
1 
1 
1 
1 
1 
1 
1 
1 
1 
1 
1 
1 
1 
1 
1 
1 
1 
1 
1 
1 
1 
1 
1 
1 
1 
1 
1 
1 
1 
1 
1 
1 
1 
1 
1 
1 
1 
1 
1 
1 
1 
1 
1 
1 
1 
1 
1 
1 
1 
1 
1 
1.000000e+00 
1.000000e+00 
1.000000e+00 
1.000000e+00 
1.000000e+00 
1.000000e+00 
1.000000e+00 
1.000000e+00 
1.000000e+00 
1.000000e+00 
1.000000e+00 
1.000000e+00 
1.000000e+00 
1.000000e+00 
1.000000e+00 
1.000000e+00 
1.000000e+00 
1.000000e+00 
1.000000e+00 
1.000000e+00 
1.000000e+00 
1.000000e+00 
1.000000e+00 
1.000000e+00 
1.000000e+00 
1.000000e+00 
1.000000e+00 
1.000000e+00 
1.000000e+00 
1.000000e+00 
1.000000e+00 
1 
1 
1 
1 
1 
1 
1 
1 
1 
1 
1 
1 
1 
1 
1 
1 
1 
1 
1 
1 
1 
1 
1 
1 
1 
1 
1 
1 
1 
1 
1 
1 
1 
1 
1 
1 
1 
1 
1 
1 
1 
1 
1 
1 
1 
1 
1 
1 
1 
1 
1 
1 
1 
1 
1 
1 
1 
1 
1 
1 
1 
1 
1 
1 
1 
1 
1 
1 
1 
1.000000e+00 
1.000000e+00 
1.000000e+00 
1.000000e+00 
1.000000e+00 
1.000000e+00 
1.000000e+00 
1.000000e+00 
1.000000e+00 
1.000000e+00 
1.000000e+00 
1.000000e+00 
1.000000e+00 
1.000000e+00 
1.000000e+00 
1.000000e+00 
1.000000e+00 
1.000000e+00 
1.000000e+00 
1.000000e+00 
1.000000e+00 
1.000000e+00 
1.000000e+00 
1.000000e+00 
1.000000e+00 
1.000000e+00 
1.000000e+00 
1.000000e+00 
1.000000e+00 
1.000000e+00 
1.000000e+00 
1 
1 
1 
1 
1 
1 
1 
1 
1 
1 
1 
1 
1 
1 
1 
1 
1 
1 
1 
1 
1 
1 
1 
1 
1 
1 
1 
1 
1 
1 
1 
1 
1 
1 
1 
1 
1 
1 
1 
1 
1 
1 
1 
1 
1 
1 
1 
1 
1 
1 
1 
1 
1 
1 
1 
1 
1 
1 
1 
1 
1 
1 
1 
1 
1 
1 
1 
1 
1 
1 
1 
1 
1 
1 
1 
1.000000e+00 
1.000000e+00 
1.000000e+00 
1.000000e+00 
1.000000e+00 
1.000000e+00 
1.000000e+00 
1.000000e+00 
1.000000e+00 
1.000000e+00 
1.000000e+00 
1.000000e+00 
1.000000e+00 
1.000000e+00 
1.000000e+00 
1.000000e+00 
1 
1 
1 
1 
1 
1.000000e+00 
1.000000e+00 
1.000000e+00 
1.000000e+00 
1.000000e+00 
1.000000e+00 
1.000000e+00 
1.000000e+00 
1.000000e+00 
1.000000e+00 
1.000000e+00 
1.000000e+00 
1.000000e+00 
1.000000e+00 
1.000000e+00 
1.000000e+00 
1.000000e+00 
1.000000e+00 
1.000000e+00 
1.000000e+00 
1.000000e+00 
1.000000e+00 
1.000000e+00 
1.000000e+00 
1.000000e+00 
1 
1 
1 
1 
1 
1 
1 
1 
1 
1.000000e+00 
1.000000e+00 
1.000000e+00 
1.000000e+00 
1.000000e+00 
1.000000e+00 
1.000000e+00 
1.000000e+00 
1.000000e+00 
1.000000e+00 
1.000000e+00 
1.000000e+00 
1.000000e+00 
1.000000e+00 
1.000000e+00 
1.000000e+00 
1.000000e+00 
1.000000e+00 
1.000000e+00 
1.000000e+00 
1.000000e+00 
1.000000e+00 
1.000000e+00 
1.000000e+00 
1.000000e+00 
1.000000e+00 
1.000000e+00 
1.000000e+00 
1 
1 
1 
1 
1 
1 
1 
1 
1 
1 
1 
1 
1 
1 
1 
1 
1 
1 
1 
1 
1 
1 
1 
1 
1 
1 
1 
1 
1 
1 
1 
1 
1 
1 
1 
1 
1 
1 
1 
1 
1 
1 
1 
1 
1 
1 
1 
1 
1 
1 
1.000000e+00 
1.000000e+00 
1.000000e+00 
1.000000e+00 
1.000000e+00 
1.000000e+00 
1.000000e+00 
1.000000e+00 
1.000000e+00 
1.000000e+00 
1.000000e+00 
1.000000e+00 
1.000000e+00 
1.000000e+00 
1.000000e+00 
1.000000e+00 
1.000000e+00 
1.000000e+00 
1.000000e+00 
1.000000e+00 
1.000000e+00 
1.000000e+00 
1.000000e+00 
1.000000e+00 
1.000000e+00 
1.000000e+00 
1.000000e+00 
1.000000e+00 
1.000000e+00 
1.000000e+00 
1.000000e+00 
1.000000e+00 
1.000000e+00 
1.000000e+00 
1 
1 
1 
1 
1 
1 
1 
1 
1 
1 
1 
1 
1 
1 
1 
1 
1 
1 
1 
1 
1 
1 
1 
1 
1 
1 
1 
1 
1 
1 
1 
1 
1 
1 
1 
1 
1 
1 
1 
1 
1 
1 
1 
1 
1 
1 
1 
1 
1 
1 
1 
1 
1 
1 
1 
1 
1 
1 
1 
1 
1 
1 
1 
1 
1 
1 
1 
1 
1 
1 
1 
1 
1 
1 
1 
1 
1 
1 
1 
1 
1 
1 
1 
1 
1 
1 
1 
1 
1 
1 
1 
1 
1 
1 
1 
1 
1 
1 
1 
1 
1 
1 
1 
1 
1 
1 
1 
1 
1 
1 
1 
1 
1 
1 
1 
1 
1 
1 
1 
1 
1 
1 
1 
9.989515e-01 
9.953598e-01 
9.894037e-01 
9.812798e-01 
9.711850e-01 
9.593161e-01 
9.458698e-01 
9.310430e-01 
9.150324e-01 
8.980349e-01 
8.802472e-01 
8.618661e-01 
8.430884e-01 
8.241109e-01 
8.051305e-01 
7.863438e-01 
7.679476e-01 
7.501389e-01 
7.331143e-01 
7.170706e-01 
7.016048e-01 
6.859024e-01 
6.699745e-01 
6.538407e-01 
6.375207e-01 
6.210343e-01 
6.044012e-01 
5.876410e-01 
5.707736e-01 
5.538187e-01 
5.367959e-01 
5.197250e-01 
5.026257e-01 
4.855177e-01 
4.684208e-01 
4.513546e-01 
4.343389e-01 
4.173935e-01 
4.005379e-01 
3.837920e-01 
3.671204e-01 
3.504496e-01 
3.337788e-01 
3.171079e-01 
3.004371e-01 
2.837663e-01 
2.670954e-01 
2.504246e-01 
2.337537e-01 
2.170829e-01 
2.004121e-01 
1.837412e-01 
1.670704e-01 
1.503996e-01 
1.337287e-01 
1.170579e-01 
1.003871e-01 
8.371624e-02 
6.704541e-02 
5.037457e-02 
3.370374e-02 
1.703290e-02 
3.620684e-04 
-1.630877e-02 
-3.297960e-02 
-4.965043e-02 
-6.632127e-02 
-8.299210e-02 
-9.966294e-02 
-1.163338e-01 
-1.330046e-01 
-1.496754e-01 
-1.663463e-01 
-1.830171e-01 
-1.996879e-01 
-2.163588e-01 
-2.330296e-01 
-2.497004e-01 
-2.663713e-01 
-2.830421e-01 
-2.997130e-01 
-3.163838e-01 
-3.330546e-01 
-3.497255e-01 
-3.663963e-01 
-3.830671e-01 
-3.997380e-01 
-4.164088e-01 
-4.330796e-01 
-4.497505e-01 
-4.664213e-01 
-4.830921e-01 
-4.997630e-01 
-5.164338e-01 
-5.331046e-01 
-5.497755e-01 
-5.664463e-01 
-5.831171e-01 
-5.997880e-01 
-6.164588e-01 
-6.336206e-01 
-6.518500e-01 
-6.709658e-01 
-6.907814e-01 
-7.111106e-01 
-7.317669e-01 
-7.525639e-01 
-7.733152e-01 
-7.938345e-01 
-8.139354e-01 
-8.334313e-01 
-8.521361e-01 
-8.698632e-01 
-8.864263e-01 
-9.016390e-01 
-9.153148e-01 
-9.272675e-01 
-9.373105e-01 
-9.452576e-01 
-9.509222e-01 
-9.551308e-01 
-9.592030e-01 
-9.631379e-01 
-9.669262e-01 
-9.705587e-01 
-9.740259e-01 
-9.773186e-01 
-9.804274e-01 
-9.833430e-01 
-9.860562e-01 
-9.885575e-01 
-9.908376e-01 
-9.928873e-01 
-9.946972e-01 
-9.962580e-01 
-9.975604e-01 
-9.985950e-01 
-9.993525e-01 
-9.998236e-01 
-9.999990e-01 
-1 
-1 
-1 
-1 
-1 
-1 
-1 
-1 
-1 
-1 
-1 
-1 
-1 
-1 
-1 
-1 
-1 
-1 
-1 
-1 
-1 
-1 
-1 
-1 
-1 
-1 
-1 
-1 
-1 
-1 
-1 
-1 
-1 
-1 
-1 
-1 
-1 
-1 
-1 
-1 
-1 
-1 
-1 
-1 
-1 
-1 
-1 
-1 
-1 
-1 
-1 
-1 
-1 
-1 
-1 
-1 
-1 
-1 
-1 
-1 
-1 
-1 
-1 
-1 
-1 
-1 
-1 
-1 
-1 
-1 
-1 
-1 
-1 
-1 
-1 
-1 
-1 
-1 
-1 
-1 
-1 
-1 
-1 
-1 
-1 
-1 
-1 
-1 
-1 
-1 
-1 
-1 
-1 
-1 
-1 
-1 
-1 
-1 
-1 
-1 
-1 
-1 
-1 
-1 
-1 
-1 
-1 
-1 
-1 
-1 
-1 
-1 
-1 
-1 
-1 
-1 
-1 
-1 
-1 
-1 
-1 
-1 
-1 
-1 
-1 
-1 
-1 
-1 
-1 
-1 
-1 
-1 
-1 
-1 
-1 
-1 
-1 
-1 
-1 
-1 
-1 
-1 
-1 
-1 
-1 
-1 
-1 
-1 
-1 
-1 
-1 
-1 
-1 
-1 
-1 
-1 
-1 
-1 
-1 
-1 
-1 
-1 
-1 
-1 
-1 
-1 
-1 
-1 
-1 
-1 
-1 
-1 
-1 
-1 
-1 
-1 
-1 
-1 
-1 
-1 
-1 
-1 
-1 
-1 
-1.000000e+00 
-1.000000e+00 
-1.000000e+00 
-1.000000e+00 
-1.000000e+00 
-1.000000e+00 
-1.000000e+00 
-1.000000e+00 
-1.000000e+00 
-1.000000e+00 
-1.000000e+00 
-1.000000e+00 
-1.000000e+00 
-1.000000e+00 
-1.000000e+00 
-1.000000e+00 
-1.000000e+00 
-1.000000e+00 
-1.000000e+00 
-1.000000e+00 
-1.000000e+00 
-1.000000e+00 
-1.000000e+00 
-1.000000e+00 
-1.000000e+00 
-1.000000e+00 
-1.000000e+00 
-1.000000e+00 
-1.000000e+00 
-1.000000e+00 
-1.000000e+00 
-1.000000e+00 
-1.000000e+00 
-1 
-1 
-1 
-1 
-1 
-1 
-1 
-1 
-1 
-1 
-1.000000e+00 
-1.000000e+00 
-1.000000e+00 
-1.000000e+00 
-1.000000e+00 
-1.000000e+00 
-1.000000e+00 
-1.000000e+00 
-1.000000e+00 
-1.000000e+00 
-1.000000e+00 
-1.000000e+00 
-1.000000e+00 
-1.000000e+00 
-1.000000e+00 
-1.000000e+00 
-1.000000e+00 
-1.000000e+00 
-1.000000e+00 
-1.000000e+00 
-1.000000e+00 
-1.000000e+00 
-1.000000e+00 
-1.000000e+00 
-1.000000e+00 
-1.000000e+00 
-1.000000e+00 
-1 
-1 
-1 
-1 
-1 
-1 
-9.984220e-01 
-9.937558e-01 
-9.862512e-01 
-9.761585e-01 
-9.637277e-01 
-9.492091e-01 
-9.328529e-01 
-9.149093e-01 
-8.956284e-01 
-8.752604e-01 
-8.540556e-01 
-8.322640e-01 
-8.101360e-01 
-7.879217e-01 
-7.658712e-01 
-7.442348e-01 
-7.232626e-01 
-7.032049e-01 
-6.843118e-01 
-6.668335e-01 
-6.501625e-01 
-6.334917e-01 
-6.168209e-01 
-6.001500e-01 
-5.834792e-01 
-5.668084e-01 
-5.501375e-01 
-5.334667e-01 
-5.167959e-01 
-5.001250e-01 
-4.834542e-01 
-4.667834e-01 
-4.501125e-01 
-4.334417e-01 
-4.167709e-01 
-4.001000e-01 
-3.834292e-01 
-3.667584e-01 
-3.500875e-01 
-3.334167e-01 
-3.167459e-01 
-3.000750e-01 
-2.834042e-01 
-2.667334e-01 
-2.500625e-01 
-2.333917e-01 
-2.167208e-01 
-2.000500e-01 
-1.833792e-01 
-1.667083e-01 
-1.500375e-01 
-1.333667e-01 
-1.166958e-01 
-1.000250e-01 
-8.335417e-02 
-6.668334e-02 
-5.001250e-02 
-3.334167e-02 
-1.667083e-02 
0 
