0 
-1.667083e-02 
-3.334167e-02 
-5.001250e-02 
-6.668334e-02 
-8.335417e-02 
-1.000250e-01 
-1.166958e-01 
-1.333667e-01 
-1.500375e-01 
-1.667083e-01 
-1.833792e-01 
-2.000500e-01 
-2.167208e-01 
-2.333917e-01 
-2.500625e-01 
-2.667334e-01 
-2.834042e-01 
-3.000750e-01 
-3.167459e-01 
-3.334167e-01 
-3.500875e-01 
-3.667584e-01 
-3.834292e-01 
-4.001000e-01 
-4.167709e-01 
-4.334417e-01 
-4.501125e-01 
-4.667834e-01 
-4.834542e-01 
-5.001250e-01 
-5.167959e-01 
-5.334667e-01 
-5.501375e-01 
-5.668084e-01 
-5.834792e-01 
-6.001500e-01 
-6.168209e-01 
-6.334917e-01 
-6.501625e-01 
-6.668335e-01 
-6.843118e-01 
-7.032049e-01 
-7.232626e-01 
-7.442348e-01 
-7.658712e-01 
-7.879217e-01 
-8.101360e-01 
-8.322640e-01 
-8.540556e-01 
-8.752604e-01 
-8.956284e-01 
-9.149093e-01 
-9.328529e-01 
-9.492091e-01 
-9.637277e-01 
-9.761585e-01 
-9.862512e-01 
-9.937558e-01 
-9.984220e-01 
-1.000000e+00 
-1.000000e+00 
-1.000000e+00 
-1.000000e+00 
-1.000000e+00 
-1.000000e+00 
-1.000000e+00 
-1 
-1 
-1 
-1 
-1 
-1.000000e+00 
-1.000000e+00 
-1.000000e+00 
-1.000000e+00 
-1.000000e+00 
-1.000000e+00 
-1.000000e+00 
-1.000000e+00 
-1.000000e+00 
-1.000000e+00 
-1.000000e+00 
-1.000000e+00 
-1.000000e+00 
-1.000000e+00 
-1.000000e+00 
-1.000000e+00 
-1.000000e+00 
-1.000000e+00 
-1.000000e+00 
-1.000000e+00 
-1.000000e+00 
-1.000000e+00 
-1 
-1 
-1 
-1 
-1 
-1 
-1 
-1 
-1 
-1 
-1 
-1 
-1 
-1 
-1 
-1 
-1 
-1 
-1 
-1 
-1 
-1 
-1 
-1 
-1 
-1 
-1 
-1 
-1 
-1 
-1 
-1 
-1 
-1 
-1 
-1 
-1 
-1 
-1 
-1 
-1 
-1 
-1 
-1 
-1 
-1 
-9.999994e-01 
-9.995198e-01 
-9.981764e-01 
-9.960164e-01 
-9.930872e-01 
-9.894360e-01 
-9.851102e-01 
-9.801570e-01 
-9.746239e-01 
-9.685579e-01 
-9.620066e-01 
-9.550172e-01 
-9.476369e-01 
-9.399131e-01 
-9.318931e-01 
-9.236241e-01 
-9.151536e-01 
-9.065287e-01 
-8.977968e-01 
-8.890052e-01 
-8.801999e-01 
-8.705756e-01 
-8.594987e-01 
-8.470876e-01 
-8.334603e-01 
-8.187351e-01 
-8.030302e-01 
-7.864636e-01 
-7.691537e-01 
-7.512186e-01 
-7.327765e-01 
-7.139456e-01 
-6.948440e-01 
-6.755899e-01 
-6.563016e-01 
-6.370972e-01 
-6.180949e-01 
-5.994129e-01 
-5.811693e-01 
-5.634824e-01 
-5.464695e-01 
-5.297987e-01 
-5.131278e-01 
-4.964570e-01 
-4.797862e-01 
-4.631153e-01 
-4.464445e-01 
-4.297737e-01 
-4.131028e-01 
-3.964320e-01 
-3.797612e-01 
-3.630903e-01 
-3.464195e-01 
-3.297487e-01 
-3.130778e-01 
-2.964070e-01 
-2.797362e-01 
-2.630653e-01 
-2.463945e-01 
-2.297237e-01 
-2.130528e-01 
-1.963820e-01 
-1.797111e-01 
-1.630403e-01 
-1.463695e-01 
-1.296986e-01 
-1.130278e-01 
-9.635697e-02 
-7.968614e-02 
-6.301531e-02 
-4.634447e-02 
-2.967364e-02 
-1.300280e-02 
3.668031e-03 
2.033887e-02 
3.700970e-02 
5.368053e-02 
7.035137e-02 
8.702220e-02 
1.036930e-01 
1.203639e-01 
1.370347e-01 
1.537055e-01 
1.703764e-01 
1.870472e-01 
2.037180e-01 
2.203889e-01 
2.370597e-01 
2.537305e-01 
2.704014e-01 
2.870722e-01 
3.037431e-01 
3.204139e-01 
3.370847e-01 
3.537556e-01 
3.704264e-01 
3.870972e-01 
4.037681e-01 
4.204389e-01 
4.371097e-01 
4.537812e-01 
4.706450e-01 
4.878150e-01 
5.052364e-01 
5.228546e-01 
5.406152e-01 
5.584634e-01 
5.763446e-01 
5.942042e-01 
6.119877e-01 
6.296404e-01 
6.471077e-01 
6.643349e-01 
6.812676e-01 
6.978510e-01 
7.140305e-01 
7.297516e-01 
7.449596e-01 
7.596000e-01 
7.736180e-01 
7.869620e-01 
8.003093e-01 
8.141258e-01 
8.282860e-01 
8.426644e-01 
8.571356e-01 
8.715740e-01 
8.858542e-01 
8.998506e-01 
9.134377e-01 
9.264902e-01 
9.388824e-01 
9.504888e-01 
9.611841e-01 
9.708426e-01 
9.793390e-01 
9.865476e-01 
9.923431e-01 
9.965998e-01 
9.991924e-01 
1 
1 
1 
1 
1 
1 
1 
1 
1 
1 
1 
1 
1 
1 
1 
1 
1 
1 
1 
1 
1 
1 
1 
1 
1 
1 
1 
1 
1 
1 
1 
1 
1 
1 
1 
1 
1 
1 
1 
1 
1 
1 
1 
1 
1 
1 
1 
1 
1 
1 
1 
1 
1 
1 
1 
1 
1 
1 
1 
1 
1 
1 
1 
1 
1 
1 
1 
1 
1 
1 
1 
1 
1 
1 
1 
1 
1 
1 
1 
1 
1 
1 
1 
1 
1 
1 
1 
1 
1 
1 
1.000000e+00 
1.000000e+00 
1.000000e+00 
1.000000e+00 
1.000000e+00 
1.000000e+00 
1.000000e+00 
1.000000e+00 
1.000000e+00 
1.000000e+00 
1.000000e+00 
1.000000e+00 
1.000000e+00 
1.000000e+00 
1.000000e+00 
1.000000e+00 
1.000000e+00 
1.000000e+00 
1.000000e+00 
1.000000e+00 
1.000000e+00 
1.000000e+00 
1.000000e+00 
1 
1 
1 
1 
1 
1 
1 
1 
1 
1 
1 
1 
1 
1 
1 
1 
1.000000e+00 
1.000000e+00 
1.000000e+00 
1.000000e+00 
1.000000e+00 
1.000000e+00 
1.000000e+00 
1.000000e+00 
1.000000e+00 
1.000000e+00 
1.000000e+00 
1.000000e+00 
1.000000e+00 
1.000000e+00 
1.000000e+00 
1.000000e+00 
1.000000e+00 
1.000000e+00 
1.000000e+00 
1.000000e+00 
1.000000e+00 
1 
1 
1 
1 
1 
1 
1 
1 
1 
1 
1 
1 
1 
1 
1 
1 
1 
1 
1 
1 
1 
1 
1 
1 
1 
1 
1 
1 
1 
1 
1 
1 
1 
1 
1 
1 
1 
1 
1 
1 
1 
1 
1 
1 
1 
1 
1 
1 
1 
1 
1 
1 
1 
1 
1 
1 
1 
1 
1 
1 
1 
1 
1 
1 
1 
1 
1 
1 
1 
1 
1 
1 
1 
1 
1 
1 
1 
1 
1 
1 
1 
1 
1 
1 
1 
1 
1 
1 
1 
1 
1 
1 
1 
1 
1 
1 
1 
1 
1 
1 
1 
1 
1 
1 
1 
1 
1 
1 
1 
1 
1 
1 
1 
1.000000e+00 
1.000000e+00 
1.000000e+00 
1.000000e+00 
1.000000e+00 
1.000000e+00 
1.000000e+00 
1.000000e+00 
1.000000e+00 
1.000000e+00 
1.000000e+00 
1.000000e+00 
1.000000e+00 
1.000000e+00 
1.000000e+00 
1.000000e+00 
1.000000e+00 
1.000000e+00 
1.000000e+00 
1.000000e+00 
1.000000e+00 
1.000000e+00 
1.000000e+00 
1.000000e+00 
1.000000e+00 
1.000000e+00 
1.000000e+00 
1.000000e+00 
1.000000e+00 
1.000000e+00 
1.000000e+00 
1.000000e+00 
1.000000e+00 
1.000000e+00 
1 
1 
1 
1 
1 
1 
1 
1 
1 
1 
1 
1 
1 
1 
1 
1 
1 
1 
1 
1 
1 
1 
1 
1 
1 
1 
1 
1 
1 
1 
1 
1 
1 
1 
1 
1 
1 
1 
1 
1 
1 
1 
1 
1 
1 
1 
1 
1 
1 
1 
1 
1 
1 
1 
1 
1 
1 
1 
1 
1 
1 
1 
1 
1 
1 
1 
1 
1 
1 
1 
1 
1 
1 
1 
1 
1 
1 
1 
1 
1 
1 
1 
1 
1 
1 
1 
1 
1 
1 
1 
1 
1 
1 
1 
1 
1 
1 
1 
1 
1 
1 
1 
1 
1 
1 
1 
1 
1 
1 
1 
1 
1 
1 
1 
1 
1 
1 
1 
1 
1 
1 
1 
1 
1 
1 
1 
1 
1 
1 
1 
1 
1 
1 
1 
1 
1 
1 
1 
1 
1 
1 
1 
1 
1 
1 
1 
1.000000e+00 
1.000000e+00 
1.000000e+00 
1.000000e+00 
1.000000e+00 
1.000000e+00 
1.000000e+00 
1.000000e+00 
1.000000e+00 
1.000000e+00 
1.000000e+00 
1.000000e+00 
1.000000e+00 
1.000000e+00 
1.000000e+00 
1.000000e+00 
1.000000e+00 
1.000000e+00 
1.000000e+00 
1.000000e+00 
1.000000e+00 
1.000000e+00 
1.000000e+00 
1.000000e+00 
1.000000e+00 
1.000000e+00 
1.000000e+00 
1.000000e+00 
1.000000e+00 
1.000000e+00 
1.000000e+00 
1.000000e+00 
1.000000e+00 
1.000000e+00 
1 
1 
1 
1 
1 
1 
1 
1 
1 
1 
1 
1 
1 
1 
1 
1 
1 
1 
1 
1 
1 
1 
1 
1 
1 
1 
1 
1 
1 
1 
1 
1 
1 
1 
1 
1 
1 
1 
1 
1 
1 
1 
1 
1 
1 
1 
1 
1 
1 
1 
1 
1 
1 
1 
1 
1 
1 
1 
1 
1 
1 
1 
1 
1 
1 
1 
1 
1 
1 
1 
1 
1 
1 
1 
1 
1 
1 
1 
1 
1 
1 
1 
1 
1 
1 
1 
1 
1 
1 
1 
1 
1 
1 
1 
1 
1 
1 
1 
1 
1 
1 
1 
1 
1 
1 
1 
1 
1 
1 
1 
1 
1 
1 
1 
1 
1 
1 
1 
1 
1 
1 
1 
1 
1 
1 
1 
1 
1 
1 
1 
1 
1 
1 
1 
1 
1 
1 
1 
1 
1 
1 
1 
1 
1 
1 
1 
1 
1 
1 
1 
1 
1 
1 
1 
1 
1 
1 
1 
1 
1 
1 
1 
1 
1 
1 
1 
1 
1 
1 
1 
1 
1 
1 
1 
1 
1 
1 
1 
1 
1 
1 
1 
1 
1 
1 
1 
1 
1 
1 
1 
1 
1 
1 
1 
1 
1 
1 
1 
1 
1 
1 
1 
1 
1 
1 
1 
1 
1 
1 
1 
1 
1 
1 
1 
1 
1 
1 
1 
1 
1 
1 
1 
1 
1 
1 
1 
1 
1 
1 
1 
1 
1 
1 
1 
1 
1 
1 
1 
1 
1 
1 
1 
1 
1 
1 
1 
1 
1 
1 
1 
1 
1 
1 
1 
1 
1 
1 
1 
1 
1 
1 
1 
1 
1 
1 
1 
1 
1 
1 
1 
1 
1 
1 
1 
1 
1 
1 
1 
1 
1 
1 
1 
1 
1 
1 
1 
1 
1 
1 
1 
1 
1 
1 
1 
1 
1 
1 
1 
1 
1 
1 
1 
1 
1 
1 
1 
1 
1 
1 
1 
1 
1 
1 
1 
1 
1 
1 
1 
1 
1 
1 
1 
1 
1 
1 
1 
1 
1 
1 
1 
1 
1 
1 
1 
1 
1 
1 
1 
1 
1 
1 
1 
1 
1 
1 
1 
1 
1 
1 
1 
1 
1 
1 
1 
1 
1 
1 
1 
1 
1 
1 
1 
1 
1 
1 
1 
1 
1 
1 
1 
1 
1 
1 
1 
1 
1 
1 
1 
1 
1 
1 
1 
1 
1 
1 
1 
1 
1 
1 
1 
1 
1 
1 
1 
1 
1 
1 
1 
1 
1 
1 
1 
1 
1 
1 
1 
1 
1 
1 
1 
1 
1 
1 
1 
1 
1 
1 
1 
1 
1 
1 
1 
1 
1 
1 
1 
1 
1 
1 
1 
1 
1 
1 
1 
1 
1 
1 
1 
1 
1 
1 
1 
1 
9.999969e-01 
9.999411e-01 
9.998163e-01 
9.996232e-01 
9.993625e-01 
9.990350e-01 
9.986413e-01 
9.981822e-01 
9.976585e-01 
9.970709e-01 
9.964201e-01 
9.957069e-01 
9.949320e-01 
9.940960e-01 
9.931999e-01 
9.922442e-01 
9.912298e-01 
9.901573e-01 
9.890275e-01 
9.878411e-01 
9.864591e-01 
9.828078e-01 
9.763742e-01 
9.673895e-01 
9.560852e-01 
9.426927e-01 
9.274433e-01 
9.105685e-01 
8.922996e-01 
8.728680e-01 
8.525050e-01 
8.314422e-01 
8.099108e-01 
7.881422e-01 
7.663678e-01 
7.448191e-01 
7.237273e-01 
7.033239e-01 
6.838402e-01 
6.655077e-01 
6.484824e-01 
6.318116e-01 
6.151407e-01 
5.984699e-01 
5.817991e-01 
5.651282e-01 
5.484574e-01 
5.317865e-01 
5.151157e-01 
4.984449e-01 
4.817740e-01 
4.651032e-01 
4.484324e-01 
4.317615e-01 
4.150907e-01 
3.984199e-01 
3.817490e-01 
3.650782e-01 
3.484074e-01 
3.317365e-01 
3.150657e-01 
2.983949e-01 
2.817240e-01 
2.650532e-01 
2.483824e-01 
2.317115e-01 
2.150407e-01 
1.983699e-01 
1.816990e-01 
1.650282e-01 
1.483574e-01 
1.316865e-01 
1.150157e-01 
9.834485e-02 
8.167402e-02 
6.500319e-02 
4.833235e-02 
3.166152e-02 
1.499068e-02 
-1.680152e-03 
-1.835099e-02 
-3.502182e-02 
-5.169266e-02 
-6.836349e-02 
-8.503432e-02 
-1.017052e-01 
-1.183760e-01 
-1.350468e-01 
-1.517177e-01 
-1.683885e-01 
-1.850593e-01 
-2.017302e-01 
-2.184010e-01 
-2.350718e-01 
-2.517427e-01 
-2.684135e-01 
-2.850843e-01 
-3.017552e-01 
-3.184260e-01 
-3.350968e-01 
-3.517694e-01 
-3.684657e-01 
-3.851887e-01 
-4.019332e-01 
-4.186944e-01 
-4.354672e-01 
-4.522468e-01 
-4.690280e-01 
-4.858059e-01 
-5.025756e-01 
-5.193320e-01 
-5.360702e-01 
-5.527851e-01 
-5.694719e-01 
-5.861255e-01 
-6.027409e-01 
-6.193132e-01 
-6.358373e-01 
-6.523083e-01 
-6.687213e-01 
-6.851572e-01 
-7.026821e-01 
-7.214321e-01 
-7.411718e-01 
-7.616653e-01 
-7.826771e-01 
-8.039716e-01 
-8.253132e-01 
-8.464661e-01 
-8.671947e-01 
-8.872636e-01 
-9.064369e-01 
-9.244791e-01 
-9.411545e-01 
-9.562276e-01 
-9.694626e-01 
-9.806240e-01 
-9.894761e-01 
-9.957833e-01 
-9.993100e-01 
-1 
-1 
-1 
-1 
-1 
-1 
-1 
-1 
-1 
-1 
-1 
-1 
-1 
-1 
-1 
-1 
-1 
-1 
-1 
-1 
-1 
-1 
-1 
-1 
-1 
-1 
-1 
-1 
-1 
-1 
-1 
-1 
-1 
-1 
-1 
-1 
-1 
-1 
-1 
-1 
-1 
-1 
-1 
-1 
-1 
-1 
-1 
-1 
-1 
-1 
-1 
-1 
-1 
-1 
-1 
-1 
-1 
-1 
-1 
-1 
-1 
-1 
-1 
-1 
-1 
-1 
-1 
-1 
-1 
-1 
-1 
-1 
-1 
-1 
-1 
-1 
-1 
-1 
-1 
-1 
-1 
-1 
-1 
-1 
-1 
-1 
-1 
-1 
-1 
-1 
-1 
-1 
-1 
-1 
-1 
-1 
-1 
-1 
-1 
-1 
-1 
-1 
-1 
-1 
-1 
-1 
-1 
-1 
-1 
-1 
-1 
-1 
-1 
-1 
-1 
-1 
-1 
-1 
-1 
-1 
-1 
-1 
-1.000000e+00 
-1.000000e+00 
-1.000000e+00 
-1.000000e+00 
-1.000000e+00 
-1.000000e+00 
-1.000000e+00 
-1.000000e+00 
-1.000000e+00 
-1.000000e+00 
-1.000000e+00 
-1.000000e+00 
-1.000000e+00 
-1.000000e+00 
-1.000000e+00 
-1.000000e+00 
-1.000000e+00 
-1.000000e+00 
-1.000000e+00 
-1.000000e+00 
-1.000000e+00 
-1.000000e+00 
-1.000000e+00 
-1.000000e+00 
-1.000000e+00 
-1.000000e+00 
-1.000000e+00 
-1.000000e+00 
-1.000000e+00 
-1.000000e+00 
-1.000000e+00 
-1.000000e+00 
-1.000000e+00 
-1.000000e+00 
-1.000000e+00 
-1.000000e+00 
-1 
-1 
-1 
-1 
-1 
-1 
-1 
-1 
-1 
-1 
-1 
-1 
-1 
-1 
-1 
-1 
-1 
-1 
-1 
-1 
-1 
-1 
-1 
-1 
-1 
-1 
-1 
-1 
-1 
-1 
-1 
-1 
-1 
-1 
-1 
-1 
-1 
-1 
-1 
-1 
-1 
-1 
-1 
-1 
-1 
-1 
-1 
-1 
-1 
-1 
-1 
-1 
-1 
-1 
-1 
-1 
-1 
-1 
-1 
-1 
-1 
-1 
-1 
-1 
-1 
-1 
-1 
-1 
-1 
-1 
-1 
-1 
-1 
-1 
-1 
-1 
-1 
-1 
-1 
-1 
-1 
-1 
-1 
-1 
-1 
-1 
-1 
-1 
-1 
-1 
-1 
-1 
-1 
-1 
-1 
-1 
-1 
-1 
-1 
-1 
-1 
-1 
-1 
-1 
-1 
-1 
-1 
-1 
-1 
-1 
-1 
-1 
-1 
-1 
-1 
-1 
-1 
-1 
-1 
-1 
-1 
-1 
-1 
-1 
-1 
-1 
-1 
-1 
-1 
-1 
-1 
-1 
-1 
-1 
-1 
-1 
-1 
-1 
-1 
-1 
-1 
-1 
-1 
-1 
-1 
-1 
-1 
-1 
-1 
-1 
-1 
-1 
-1 
-1 
-1 
-1 
-1 
-1 
-1 
-1 
-1 
-1 
-1 
-1 
-1 
-1 
-1 
-1 
-1 
-1 
-1 
-1 
-1 
-1 
-1 
-1 
-1 
-1 
-1 
-1 
-1 
-1 
-1 
-1 
-1 
-1 
-1 
-1 
-1 
-1 
-1 
-1 
-1 
-1 
-1 
-1 
-1 
-1 
-1 
-1 
-1 
-1 
-1 
-1 
-1 
-1 
-1 
-1 
-1 
-1 
-1 
-1 
-1 
-1 
-1 
-1 
-1 
-1 
-1 
-1 
-1 
-1 
-1 
-1 
-1 
-1 
-1 
-1 
-1 
-1 
-1 
-1 
-1 
-1 
-1 
-1 
-1 
-1 
-1 
-1 
-1 
-1 
-1 
-1 
-1 
-1 
-1 
-1 
-1 
-1 
-1 
-1 
-1 
-1 
-1 
-1 
-1 
-1 
-1 
-1 
-1 
-1 
-1 
-1 
-1 
-1 
-1 
-1 
-1 
-1 
-1 
-1 
-1 
-1 
-1 
-1 
-1 
-1 
-1 
-1 
-1 
-1 
-1 
-1 
-1 
-1 
-1 
-1 
-1 
-1 
-1 
-1 
-1 
-1 
-1 
-1 
-1 
-1 
-1 
-1 
-1 
-1 
-1 
-1 
-1 
-1 
-1 
-1 
-1 
-1 
-1 
-1 
-1 
-1 
-1 
-1 
-1 
-1 
-1 
-1 
-1 
-1 
-1 
-1 
-1 
-1 
-1 
-1 
-1 
-1 
-1 
-1 
-1 
-1 
-1 
-1 
-1 
-1 
-1 
-1 
-1 
-1 
-1 
-1 
-1 
-1 
-1 
-1 
-1 
-1 
-1 
-1 
-1 
-1 
-1 
-1 
-1 
-1 
-1 
-1 
-1 
-1 
-1 
-1 
-1 
-1 
-1 
-1 
-1 
-1 
-1 
-1 
-1 
-1 
-1 
-1 
-1 
-1 
-1 
-1 
-1 
-1 
-1 
-1 
-1 
-1 
-1 
-1 
-1 
-1 
-1 
-1 
-1 
-1 
-1 
-1 
-1 
-1 
-1 
-1 
-1 
-1 
-1 
-1 
-1 
-1 
-1 
-1 
-1 
-1 
-1 
-1 
-1 
-1 
-1 
-1 
-1 
-1 
-1 
-1 
-1 
-1 
-1 
-1 
-1 
-1 
-1 
-1 
-1 
-1 
-1 
-1 
-1 
-1 
-1 
-1 
-1 
-1 
-1 
-1 
-1 
-1 
-1 
-1 
-1 
-1 
-1 
-1 
-1 
-1 
-1 
-1 
-1 
-1 
-1 
-1 
-1 
-1 
-1 
-1 
-1 
-1 
-1 
-1 
-1 
-1 
-1 
-1 
-1 
-1 
-1 
-1 
-1 
-1 
-1 
-1 
-1 
-1 
-1 
-1 
-1 
-1 
-1 
-1 
-1 
-1.000000e+00 
-1.000000e+00 
-1.000000e+00 
-1.000000e+00 
-1.000000e+00 
-1.000000e+00 
-1.000000e+00 
-1.000000e+00 
-1.000000e+00 
-1.000000e+00 
-1.000000e+00 
-1.000000e+00 
-1.000000e+00 
-1.000000e+00 
-1.000000e+00 
-1.000000e+00 
-1.000000e+00 
-1.000000e+00 
-1.000000e+00 
-1.000000e+00 
-1.000000e+00 
-1.000000e+00 
-1.000000e+00 
-1.000000e+00 
-1.000000e+00 
-1.000000e+00 
-1.000000e+00 
-1.000000e+00 
-1.000000e+00 
-1.000000e+00 
-1.000000e+00 
-1.000000e+00 
-1.000000e+00 
-1.000000e+00 
-1 
-1 
-1 
-1 
-1 
-1 
-1 
-1 
-1 
-1 
-1 
-1 
-1 
-1 
-1 
-1 
-1 
-1 
-1 
-1 
-1 
-1 
-1 
-1 
-1 
-1 
-1 
-1 
-1 
-1 
-1 
-1 
-1 
-1 
-1 
-1 
-1 
-1 
-1 
-1 
-1 
-1 
-1 
-1 
-1 
-1 
-1 
-1 
-1 
-1 
-1.000000e+00 
-1.000000e+00 
-1.000000e+00 
-1.000000e+00 
-1.000000e+00 
-1.000000e+00 
-1.000000e+00 
-1.000000e+00 
-1.000000e+00 
-1.000000e+00 
-1.000000e+00 
-1.000000e+00 
-1.000000e+00 
-1.000000e+00 
-1.000000e+00 
-1.000000e+00 
-1.000000e+00 
-1.000000e+00 
-1.000000e+00 
-1.000000e+00 
-1.000000e+00 
-1.000000e+00 
-1.000000e+00 
-1.000000e+00 
-1.000000e+00 
-1.000000e+00 
-1.000000e+00 
-1.000000e+00 
-1 
-1 
-1 
-1 
-1 
-1 
-1 
-1 
-1 
-1.000000e+00 
-1.000000e+00 
-1.000000e+00 
-1.000000e+00 
-1.000000e+00 
-1.000000e+00 
-1.000000e+00 
-1.000000e+00 
-1.000000e+00 
-1.000000e+00 
-1.000000e+00 
-1.000000e+00 
-1.000000e+00 
-1.000000e+00 
-1.000000e+00 
-1.000000e+00 
-1.000000e+00 
-1.000000e+00 
-1.000000e+00 
-1.000000e+00 
-1.000000e+00 
-1.000000e+00 
-1.000000e+00 
-1.000000e+00 
-1.000000e+00 
-1.000000e+00 
-1.000000e+00 
-1.000000e+00 
-1.000000e+00 
-1 
-1 
-1 
-1 
-1 
-1 
-1 
-1 
-1 
-1 
-1 
-1 
-1 
-1 
-1 
-1 
-1 
-1 
-1 
-1 
-1 
-1 
-1 
-1 
-1 
-1 
-1 
-1 
-1 
-1 
-1 
-1 
-1 
-1 
-1 
-1 
-1 
-1 
-1 
-1 
-1 
-1 
-1 
-1 
-1 
-1 
-1 
-1 
-1 
-1 
-1 
-1 
-1 
-1 
-1 
-1 
-1 
-1.000000e+00 
-1.000000e+00 
-1.000000e+00 
-1.000000e+00 
-1.000000e+00 
-1.000000e+00 
-1.000000e+00 
-1.000000e+00 
-1.000000e+00 
-1.000000e+00 
-1.000000e+00 
-1.000000e+00 
-1.000000e+00 
-1.000000e+00 
-1.000000e+00 
-1.000000e+00 
-1.000000e+00 
-1.000000e+00 
-1.000000e+00 
-1.000000e+00 
-1.000000e+00 
-1.000000e+00 
-1.000000e+00 
-1 
-1 
-1 
-1 
-1 
-1 
-1 
-1 
-1 
-1 
-1.000000e+00 
-1.000000e+00 
-1.000000e+00 
-1.000000e+00 
-1.000000e+00 
-1.000000e+00 
-1.000000e+00 
-1.000000e+00 
-1.000000e+00 
-1.000000e+00 
-1.000000e+00 
-1.000000e+00 
-1.000000e+00 
-1.000000e+00 
-1.000000e+00 
-1.000000e+00 
-1.000000e+00 
-1.000000e+00 
-1.000000e+00 
-1.000000e+00 
-1.000000e+00 
-1.000000e+00 
-1.000000e+00 
-1.000000e+00 
-1.000000e+00 
-1.000000e+00 
-1.000000e+00 
-1.000000e+00 
-1.000000e+00 
-1.000000e+00 
-1.000000e+00 
-1.000000e+00 
-1.000000e+00 
-1 
-1 
-1 
-1 
-1 
-1 
-1 
-1 
-1 
-1 
-1 
-1 
-1 
-1 
-1 
-1 
-1 
-1 
-1 
-1 
-1 
-1 
-1 
-1 
-1 
-1 
-1 
-1 
-1 
-1 
-1 
-1 
-1 
-1 
-1 
-1 
-1 
-1 
-1 
-1 
-1 
-1 
-1 
-1 
-1 
-1 
-1 
-1 
-1 
-1 
-1 
-1 
-1 
-1 
-1 
-1 
-1 
-1 
-1 
-1 
-1 
-1 
-1 
-1 
-1 
-1 
-1 
-1 
-1.000000e+00 
-1.000000e+00 
-1.000000e+00 
-1.000000e+00 
-1.000000e+00 
-1.000000e+00 
-1.000000e+00 
-1.000000e+00 
-1.000000e+00 
-1.000000e+00 
-1.000000e+00 
-1.000000e+00 
-1.000000e+00 
-1.000000e+00 
-1.000000e+00 
-1.000000e+00 
-1.000000e+00 
-1.000000e+00 
-1.000000e+00 
-1.000000e+00 
-1.000000e+00 
-1.000000e+00 
-1.000000e+00 
-1.000000e+00 
-1.000000e+00 
-1.000000e+00 
-1.000000e+00 
-1.000000e+00 
-1.000000e+00 
-1.000000e+00 
-1.000000e+00 
-1 
-1 
-1 
-1 
-1 
-1 
-1 
-1 
-1 
-1 
-1 
-1 
-1 
-1 
-1 
-1 
-1 
-1 
-1 
-1 
-1 
-1 
-1 
-1 
-1 
-1 
-1 
-1 
-1 
-1 
-1 
-1 
-1 
-1 
-1 
-1 
-1 
-1 
-1 
-1 
-1 
-1 
-1 
-1 
-1 
-1 
-1 
-1 
-1 
-1 
-1 
-1 
-1 
-1 
-1 
-1 
-1 
-1 
-1 
-1 
-1 
-1 
-1 
-1 
-1 
-1 
-1 
-1 
-1 
-1 
-1 
-1 
-1 
-1 
-1 
-1 
-1 
-1 
-1 
-1 
-1 
-1 
-1 
-1 
-1 
-1 
-1 
-1 
-1 
-1 
-1 
-1 
-1 
-1 
-1 
-1 
-1 
-1 
-1 
-1 
-1 
-1 
-1 
-1 
-1 
-1 
-1 
-1 
-1 
-1 
-1 
-1 
-1 
-1 
-1 
-1 
-1 
-1 
-1 
-1 
-1 
-1 
-1 
-1 
-1 
-1 
-1 
-1 
-1 
-1 
-1 
-1 
-1 
-1 
-1 
-1 
-1 
-1 
-1 
-1 
-1 
-1 
-1 
-1 
-1 
-1 
-1 
-1 
-1 
-1 
-1 
-1 
-1 
-1 
-1 
-1 
-1 
-1 
-1 
-1 
-1 
-1 
-1 
-1 
-1 
-1 
-1 
-1 
-1 
-1 
-1 
-1 
-1 
-1 
-1 
-1 
-1 
-1 
-1 
-1 
-1 
-1 
-1 
-1 
-1 
-1 
-1 
-1 
-1 
-1 
-1 
-1 
-1 
-1 
-1 
-1 
-1 
-1 
-1 
-1 
-1 
-1 
-1 
-1 
-1 
-1 
-1 
-1 
-1 
-1 
-1 
-1 
-1 
-1 
-1 
-1 
-1 
-1 
-1 
-1 
-1 
-1 
-1 
-1 
-1 
-1 
-1 
-1 
-1 
-1 
-1 
-1 
-1 
-1 
-1 
-1 
-1 
-1 
-1 
-1 
-1 
-1 
-1 
-1 
-1 
-1 
-1 
-1 
-1 
-1 
-1 
-1 
-1 
-1 
-1 
-1 
-1 
-1 
-1 
-1 
-1 
-1 
-1 
-1 
-1 
-1 
-1 
-1 
-1 
-1 
-1 
-1 
-1 
-1 
-1 
-1 
-1 
-1 
-1 
-1 
-1 
-1 
-1 
-1 
-1 
-1 
-1 
-1 
-1 
-1 
-1 
-1 
-1 
-1 
-1 
-1 
-1 
-1 
-1 
-1 
-1 
-1 
-1 
-1 
-1 
-1 
-1 
-1 
-1 
-1 
-1 
-1 
-1 
-1 
-1 
-1 
-1 
-1 
-1 
-1 
-1 
-1 
-1 
-1 
-1 
-1 
-1 
-1 
-1 
-1 
-1 
-1 
-1 
-1 
-1 
-1 
-1 
-1 
-1 
-1 
-1 
-1 
-1 
-1 
-1 
-1 
-1 
-1 
-1 
-1 
-1 
-1 
-1 
-1 
-1 
-1 
-1 
-1 
-1 
-1 
-1 
-1 
-1 
-1 
-1 
-1 
-1 
-1 
-1 
-1 
-1 
-1 
-1 
-1 
-1 
-1 
-1 
-1 
-1 
-1 
-1 
-1 
-1 
-1 
-1 
-1 
-1 
-1 
-1 
-1 
-1 
-1 
-1 
-1 
-1 
-1 
-1 
-1 
-1 
-1 
-1 
-1 
-1 
-1 
-1 
-1 
-1 
-1 
-1 
-1 
-1 
-1 
-1 
-1 
-1 
-1 
-1 
-1 
-1 
-1 
-1 
-1 
-1 
-1 
-1 
-1 
-1 
-1 
-1 
-1 
-1 
-1 
-1 
-1 
-1 
-1 
-1 
-1 
-1 
-1 
-1 
-1 
-1 
-1 
-1 
-1 
-1 
-1 
-1 
-1 
-1 
-1 
-1 
-1 
-1 
-1 
-1 
-1 
-1 
-1 
-1 
-1 
-1 
-1 
-1 
-1 
-1.000000e+00 
-1.000000e+00 
-1.000000e+00 
-1.000000e+00 
-1.000000e+00 
-1.000000e+00 
-1.000000e+00 
-1.000000e+00 
-1.000000e+00 
-1.000000e+00 
-1.000000e+00 
-1.000000e+00 
-1.000000e+00 
-1.000000e+00 
-1.000000e+00 
-1.000000e+00 
-1.000000e+00 
-1.000000e+00 
-1.000000e+00 
-1.000000e+00 
-1.000000e+00 
-1.000000e+00 
-1.000000e+00 
-1.000000e+00 
-1.000000e+00 
-1.000000e+00 
-1.000000e+00 
-1.000000e+00 
-1.000000e+00 
-1.000000e+00 
-1.000000e+00 
-1.000000e+00 
-1.000000e+00 
-1.000000e+00 
-1.000000e+00 
-1.000000e+00 
-1.000000e+00 
-1 
-1 
-1 
-1 
-1 
-1 
-1 
-1 
-1 
-1 
-1 
-1 
-1 
-1 
-1 
-1 
-1 
-1 
-1 
-1 
-1 
-1 
-1 
-1 
-1 
-1 
-1 
-1 
-1 
-1 
-1 
-1 
-1 
-1 
-1 
-1 
-1 
-1 
-1 
-1 
-1 
-1 
-1 
-1 
-1 
-1 
-1 
-1 
-1 
-1 
-1 
-1 
-1 
-1 
-1 
-1 
-1 
-1 
-1 
-1 
-1 
-1 
-1 
-1 
-1 
-1 
-1 
-1 
-1 
-1 
-1 
-1 
-1 
-1 
-1 
-1 
-1 
-1 
-1 
-1 
-1 
-1 
-1 
-1 
-1 
-1 
-1 
-1 
-1 
-1 
-1 
-1 
-1 
-1 
-1 
-1 
-1 
-1 
-1 
-1 
-1 
-1 
-1 
-1 
-1 
-1 
-1 
-1 
-1 
-1 
-1 
-1 
-1 
-1 
-1 
-1 
-1 
-1 
-1 
-1 
-1 
-1 
-1 
-1 
-1 
-1 
-1 
-1 
-1 
-1 
-1 
-1 
-1 
-1 
-1 
-1 
-1 
-1 
-1 
-1 
-1 
-1 
-9.994319e-01 
-9.969772e-01 
-9.927095e-01 
-9.867666e-01 
-9.792865e-01 
-9.704071e-01 
-9.602664e-01 
-9.490024e-01 
-9.367530e-01 
-9.236561e-01 
-9.098497e-01 
-8.954717e-01 
-8.806602e-01 
-8.655530e-01 
-8.502881e-01 
-8.350035e-01 
-8.198371e-01 
-8.049268e-01 
-7.904106e-01 
-7.764265e-01 
-7.627248e-01 
-7.484653e-01 
-7.336556e-01 
-7.183433e-01 
-7.025759e-01 
-6.864010e-01 
-6.698660e-01 
-6.530185e-01 
-6.359061e-01 
-6.185762e-01 
-6.010764e-01 
-5.834541e-01 
-5.657571e-01 
-5.480327e-01 
-5.303285e-01 
-5.126920e-01 
-4.951708e-01 
-4.778124e-01 
-4.606643e-01 
-4.437740e-01 
-4.270942e-01 
-4.104233e-01 
-3.937525e-01 
-3.770817e-01 
-3.604108e-01 
-3.437400e-01 
-3.270691e-01 
-3.103983e-01 
-2.937275e-01 
-2.770566e-01 
-2.603858e-01 
-2.437150e-01 
-2.270441e-01 
-2.103733e-01 
-1.937025e-01 
-1.770316e-01 
-1.603608e-01 
-1.436900e-01 
-1.270191e-01 
-1.103483e-01 
-9.367747e-02 
-7.700663e-02 
-6.033580e-02 
-4.366496e-02 
-2.699413e-02 
-1.032330e-02 
6.347538e-03 
2.301837e-02 
3.968921e-02 
5.636004e-02 
7.303088e-02 
8.970171e-02 
1.063725e-01 
1.230434e-01 
1.397142e-01 
1.563850e-01 
1.730559e-01 
1.897267e-01 
2.063976e-01 
2.230684e-01 
2.397392e-01 
2.564101e-01 
2.730809e-01 
2.897517e-01 
3.064226e-01 
3.230934e-01 
3.397642e-01 
3.564351e-01 
3.731059e-01 
3.897767e-01 
4.064476e-01 
4.231184e-01 
4.397892e-01 
4.564601e-01 
4.731309e-01 
4.898017e-01 
5.064726e-01 
5.231434e-01 
5.398142e-01 
5.564851e-01 
5.734043e-01 
5.910618e-01 
6.093505e-01 
6.281414e-01 
6.473054e-01 
6.667133e-01 
6.862361e-01 
7.057448e-01 
7.251101e-01 
7.442031e-01 
7.628946e-01 
7.810555e-01 
7.985568e-01 
8.152694e-01 
8.310642e-01 
8.458120e-01 
8.593839e-01 
8.716507e-01 
8.824833e-01 
8.917527e-01 
8.998551e-01 
9.078694e-01 
9.157978e-01 
9.236017e-01 
9.312424e-01 
9.386814e-01 
9.458798e-01 
9.527991e-01 
9.594005e-01 
9.656455e-01 
9.714953e-01 
9.769113e-01 
9.818548e-01 
9.862872e-01 
9.901697e-01 
9.934638e-01 
9.961307e-01 
9.981318e-01 
9.994284e-01 
9.999818e-01 
1 
1 
1 
1 
1 
1 
1 
1 
1 
1 
1 
1 
1 
1 
1 
1 
1 
1 
1 
1 
1 
1 
1 
1 
1 
1 
1 
1 
1 
1 
1 
1 
1 
1 
1 
1 
1 
1 
1 
1 
1 
1 
1 
1 
1 
1 
1 
1 
1 
1 
1 
1 
1 
1 
1 
1 
1 
1 
1 
1 
1 
1 
1 
1 
1 
1 
1 
1 
1 
1 
1 
1 
1 
1 
1 
1 
1 
1 
1 
1 
1 
1 
1 
1 
1 
1 
1 
1 
1 
1 
1 
1 
1 
1 
1 
1 
1 
1 
1 
1 
1 
1 
1 
1 
1 
1 
1 
1 
1 
1 
1 
1 
1 
1 
1 
1 
1 
1 
1 
1 
1 
1 
1 
1 
1 
1 
1 
1 
1 
1 
1 
1 
1 
1 
1 
1 
1 
1 
1 
1 
1 
1 
1 
1 
1 
1 
1 
1 
1 
1 
1 
1 
1 
1 
1 
1 
1 
1 
1 
1 
1 
1 
1 
1 
1 
1 
1 
1 
1 
1 
1 
1 
1 
1 
1 
1 
1 
1 
1 
1 
1 
1 
1 
1 
1 
1 
1 
1 
1 
1 
1 
1 
1 
1 
1 
1 
1 
1 
1 
1 
1 
1 
1 
1 
1 
1 
1 
1 
1 
1 
1 
1 
1 
1 
1 
1 
1 
1 
1 
1 
1 
1 
1 
1 
1 
1 
1 
1 
1 
1 
1 
1 
1 
1 
1 
1 
1 
1 
1 
1 
1 
1 
1 
1 
1 
1 
1 
1 
1 
1 
1 
1 
1 
1 
1 
1 
1 
1 
1 
1 
1 
1 
1 
1 
1 
1 
1 
1 
1 
1 
1 
1 
1 
1 
1 
1 
1 
1 
1 
1 
1 
1 
1 
1 
1 
1 
1 
1 
1 
1 
1 
1 
1 
1 
1 
1 
1 
1 
1 
1 
1 
1 
1 
1 
1 
1 
1 
1 
1 
1 
1 
1 
1 
1 
1 
1 
1 
1 
1 
1 
1 
1 
1 
1 
1 
1 
1 
1 
1 
1 
1 
1 
1 
1 
1 
1 
1 
1 
1 
1 
1 
1 
1 
1 
1 
1 
1 
1 
1 
1 
1 
1 
1 
1 
1 
1 
1 
1 
1 
1 
1 
1 
1 
1 
1 
1 
1 
1 
1 
1 
1 
1 
1 
1 
1 
1 
1 
1 
1 
1 
1 
1 
1 
1 
1 
1 
1 
1 
1 
1 
1 
1 
1 
1 
1 
1 
1 
1 
1 
1 
1 
1 
1 
1 
1 
1 
1 
1 
1 
1 
1 
1 
1 
1 
1 
1 
1 
1 
1 
1 
1 
1 
1 
1 
1 
1 
1 
1 
1 
1 
1 
1 
1 
1 
1 
1 
1 
1 
1 
1 
1 
1 
1 
1 
1 
1 
1 
1 
1 
1 
1 
1 
1 
1 
1 
1 
1 
1 
1 
1 
1 
1 
1 
1 
1 
1 
1 
1 
1 
1 
1 
1 
1 
1 
1 
1 
1 
1 
1 
1 
1 
1 
1 
1 
1 
1 
1 
1 
1 
1 
1 
1 
1 
1 
1 
1 
1 
1 
1 
1 
1 
1 
1 
1 
1 
1 
1 
1 
1 
1 
1 
1 
1 
1 
1 
1 
1 
1 
1 
1 
1 
1 
1 
1 
1 
1 
1 
1 
1 
1 
1 
1 
1 
1 
1 
1 
1 
1 
1 
1 
1 
1 
1 
1 
1 
1 
1 
1 
1 
1 
1 
1 
1 
1 
1 
1 
1 
1 
1 
1 
1 
1 
1 
1 
1 
1 
1 
1 
1 
1 
1 
1 
1 
1 
1 
1 
1 
1 
1 
1 
1 
1 
1 
1 
1 
1 
1 
1 
1 
1 
1 
1 
1 
1 
1 
1 
1 
1 
1 
1 
1 
1 
1 
1 
1 
1 
1 
1 
1 
1 
1 
1 
1 
1 
1 
1 
1 
1 
1 
1 
1 
1 
1 
1 
1 
1 
1 
1 
1 
1 
1 
1 
1 
1 
1 
1 
1 
1 
1 
1 
1 
1 
1 
1 
1 
1 
1 
1 
1 
1 
1 
1 
1 
1 
1 
1 
1 
1 
1 
1 
1 
1 
1 
1 
1 
1 
1 
1 
1 
1 
1 
1 
1 
1 
1 
1 
1 
1 
1 
1 
1 
1 
1 
1 
1 
1 
1 
1 
1 
1 
1 
1 
1 
1 
1 
1 
1 
1 
1 
1 
1 
1 
1 
1 
1 
1 
1 
1 
1 
1 
1 
1 
1 
1 
1 
1 
1 
1 
1 
1 
1 
1 
1 
1 
1 
1 
1 
1 
1 
1 
1 
1 
1 
1 
1 
1 
1 
1 
1 
1 
1 
1 
1 
1 
1 
1 
1 
1 
1 
1 
1 
1 
1 
1 
1 
1 
1 
1 
1 
1 
1 
1 
1 
1 
1 
1 
1.000000e+00 
1.000000e+00 
1.000000e+00 
1.000000e+00 
1.000000e+00 
1.000000e+00 
1.000000e+00 
1.000000e+00 
1.000000e+00 
1.000000e+00 
1.000000e+00 
1.000000e+00 
1.000000e+00 
1.000000e+00 
1.000000e+00 
1.000000e+00 
1.000000e+00 
1.000000e+00 
1.000000e+00 
1.000000e+00 
1.000000e+00 
1.000000e+00 
1 
1 
1 
1 
1 
1.000000e+00 
1.000000e+00 
1.000000e+00 
1.000000e+00 
1.000000e+00 
1.000000e+00 
1.000000e+00 
9.984220e-01 
9.937558e-01 
9.862512e-01 
9.761585e-01 
9.637277e-01 
9.492091e-01 
9.328529e-01 
9.149093e-01 
8.956284e-01 
8.752604e-01 
8.540556e-01 
8.322640e-01 
8.101360e-01 
7.879217e-01 
7.658712e-01 
7.442348e-01 
7.232626e-01 
7.032049e-01 
6.843118e-01 
6.668335e-01 
6.501625e-01 
6.334917e-01 
6.168209e-01 
6.001500e-01 
5.834792e-01 
5.668084e-01 
5.501375e-01 
5.334667e-01 
5.167959e-01 
5.001250e-01 
4.834542e-01 
4.667834e-01 
4.501125e-01 
4.334417e-01 
4.167709e-01 
4.001000e-01 
3.834292e-01 
3.667584e-01 
3.500875e-01 
3.334167e-01 
3.167459e-01 
3.000750e-01 
2.834042e-01 
2.667334e-01 
2.500625e-01 
2.333917e-01 
2.167208e-01 
2.000500e-01 
1.833792e-01 
1.667083e-01 
1.500375e-01 
1.333667e-01 
1.166958e-01 
1.000250e-01 
8.335417e-02 
6.668334e-02 
5.001250e-02 
3.334167e-02 
1.667083e-02 
0 
