0 
1.667083e-02 
3.334167e-02 
5.001250e-02 
6.668334e-02 
8.335417e-02 
1.000250e-01 
1.166958e-01 
1.333667e-01 
1.500375e-01 
1.667083e-01 
1.833792e-01 
2.000500e-01 
2.167208e-01 
2.333917e-01 
2.500625e-01 
2.667334e-01 
2.834042e-01 
3.000750e-01 
3.167459e-01 
3.334167e-01 
3.500875e-01 
3.667584e-01 
3.834292e-01 
4.001000e-01 
4.167709e-01 
4.334417e-01 
4.501125e-01 
4.667834e-01 
4.834542e-01 
5.001250e-01 
5.167959e-01 
5.334667e-01 
5.501375e-01 
5.668084e-01 
5.834792e-01 
6.001500e-01 
6.168209e-01 
6.334917e-01 
6.501625e-01 
6.668335e-01 
6.843118e-01 
7.032049e-01 
7.232626e-01 
7.442348e-01 
7.658712e-01 
7.879217e-01 
8.101360e-01 
8.322640e-01 
8.540556e-01 
8.752604e-01 
8.956284e-01 
9.149093e-01 
9.328529e-01 
9.492091e-01 
9.637277e-01 
9.761585e-01 
9.862512e-01 
9.937558e-01 
9.984220e-01 
1 
1 
1 
1 
1 
1 
1 
1.000000e+00 
1.000000e+00 
1.000000e+00 
1.000000e+00 
1.000000e+00 
1.000000e+00 
1.000000e+00 
1.000000e+00 
1.000000e+00 
1.000000e+00 
1.000000e+00 
1.000000e+00 
1.000000e+00 
1.000000e+00 
1.000000e+00 
1.000000e+00 
1.000000e+00 
1.000000e+00 
1.000000e+00 
1.000000e+00 
1.000000e+00 
1.000000e+00 
1.000000e+00 
1.000000e+00 
1.000000e+00 
1.000000e+00 
1.000000e+00 
1 
1 
1 
1 
1 
1 
1 
1 
1 
1 
1 
1 
1 
1 
1 
1 
1 
1 
1 
1 
1 
1 
1 
1 
1 
1 
1 
1 
1 
1 
1 
1 
1 
1 
1 
1 
1 
1 
1 
1 
1 
1 
1 
1 
1 
1 
1 
1 
1 
1 
1 
1 
1 
1 
1 
1 
1 
1 
1 
1 
1 
1 
1 
1 
1 
1 
1 
1 
1 
1 
1 
1 
1 
1 
1 
1 
1 
1 
1 
1 
1 
1 
1 
1 
1 
1 
1 
1 
1 
1 
1 
1 
1 
1 
1 
1 
1 
1 
1 
1 
1 
1 
1 
1 
1 
1 
1 
1 
1 
1 
1 
1 
1 
1 
1 
1 
1 
1 
1 
1 
1 
1 
1 
1 
1 
1 
1 
1 
1 
1 
1 
1 
1 
1 
1 
1 
1 
1 
1 
1 
1 
1 
1 
1 
1 
1 
1 
1 
1 
1 
1 
1 
1 
1 
1 
1 
1 
1 
1 
1 
1 
1 
1 
1 
1 
1 
1 
1 
1 
1 
1 
1 
1 
1 
1 
1 
1 
1 
1 
1 
1 
1 
1 
1 
1 
1 
1 
1 
1 
1 
1 
1 
1 
1 
1 
1 
1 
1 
1 
1 
1 
1 
1 
1 
1 
1 
1 
1 
1 
1 
1 
1 
1 
1 
1 
1 
1 
1 
1 
1 
1 
1 
1 
1 
1 
1 
1 
1 
1 
1 
1 
1 
1 
1 
1 
1 
1 
1 
1 
1 
1 
1 
1 
1 
1 
1 
1 
1 
1 
1 
1 
1 
1 
1 
1 
1 
1 
1 
1 
1 
1 
1 
1 
1 
1 
1 
1 
1 
1 
1 
1 
1 
1 
1 
1 
1 
1 
1 
1 
1 
1 
1 
1 
1 
1 
1 
1 
1 
1 
1 
1 
1 
1 
1 
1 
1 
1 
1 
1 
1 
1 
1 
1 
1 
1 
1 
1 
1 
1 
1 
1 
1 
1 
1 
1 
1 
1 
1 
1 
1 
1 
1 
1 
1 
1 
1 
1 
1 
1 
1 
1 
1 
1 
1 
1 
1 
1 
1 
1 
1 
1 
1 
1 
1 
1 
1 
1 
1 
1 
1 
1 
1 
1 
1 
1 
1 
1 
1 
1 
1 
1 
1 
1 
1 
1 
1 
1 
1 
1 
1 
1 
1 
1 
1 
1 
1 
1 
1 
1 
1 
1 
1 
1 
1 
1 
1 
1 
1 
1 
1 
1 
1 
1 
1 
1 
1 
1 
1 
1 
1 
1 
1 
1 
1 
1 
1 
1 
1 
1 
1 
1 
1 
1 
1 
1 
1 
1 
1 
1 
1 
1 
1 
1 
1 
1 
1 
1 
1 
1 
1 
1 
1 
1 
1 
1 
1 
1 
1 
1 
1 
1 
1 
1 
1 
1 
1 
1 
1 
1 
1 
1 
1 
1 
1 
1 
1 
1 
1 
1 
1 
1 
1 
1 
1 
1 
1 
1 
1 
1 
1 
1 
1 
1 
1 
1 
1 
1 
1 
1 
1 
1 
1 
1 
1 
1 
1 
1 
1 
1 
1 
1 
1 
1 
1 
1 
1 
1 
1 
1 
1 
1 
1 
1 
1 
1 
1 
1 
1 
1 
1 
1 
1 
1 
1 
1 
1 
1 
1 
1 
1 
1 
1 
1 
1 
1 
1 
1 
1 
1 
1 
1 
1 
1 
1 
1 
1 
1 
1 
1 
1 
1 
1 
1 
1 
1 
1 
1 
1 
1 
1 
1 
1 
1 
1 
1 
1 
1 
1 
1 
1 
1 
1 
1 
1 
1 
1 
1 
1 
1 
1 
1 
1 
1 
1 
1 
1 
1 
1 
1 
1 
1 
1 
1 
1 
1 
1 
1 
1 
1 
1 
1 
1 
1 
1 
1 
1 
1 
1 
1 
1 
1 
1 
1 
1 
1 
1 
1 
1 
1 
1 
1 
1 
1 
1 
1 
1 
1 
1 
1 
1 
1 
1 
1 
1 
1 
1 
1 
1 
1 
1 
1 
1 
1 
1 
1 
1 
1 
1 
1 
1 
1 
1 
1 
1 
1 
1 
1 
1 
1 
1 
1 
1 
1 
1 
1 
1 
1 
1 
1 
1 
1 
1 
1 
1 
1 
1 
1 
1 
1 
1 
1 
1 
1 
1 
1 
1 
1 
1 
1 
1 
1 
1 
1 
1 
1 
1 
1 
1 
1 
1 
1 
1 
1 
1 
1 
1 
1 
1 
1 
1 
1 
1 
1 
1 
1 
1 
1 
1 
1 
1 
1 
1 
1 
1 
1 
1 
1 
1 
1 
1 
1 
1 
1 
1 
1 
1 
1 
1 
1 
1 
1 
1 
1 
1 
1 
1 
1 
1 
1 
1 
1 
1 
1 
1 
1 
1 
1 
1 
1 
1 
1 
1 
1 
1 
1 
1 
1 
1 
1 
1 
1 
1 
1 
1 
1 
1 
1 
1 
1 
1 
1 
1 
1 
1 
1 
1 
1 
1 
1 
1 
1 
1 
1 
1 
1 
1 
1 
1 
1 
1 
1 
1 
1 
1 
1 
1 
1 
1 
1 
1 
1 
1 
1 
1 
1 
1 
9.999881e-01 
9.996505e-01 
9.988621e-01 
9.976413e-01 
9.960062e-01 
9.939753e-01 
9.915669e-01 
9.887994e-01 
9.856909e-01 
9.822599e-01 
9.785247e-01 
9.745036e-01 
9.702150e-01 
9.656772e-01 
9.609084e-01 
9.559271e-01 
9.507515e-01 
9.454000e-01 
9.398910e-01 
9.342426e-01 
9.284190e-01 
9.210821e-01 
9.117711e-01 
9.006491e-01 
8.878793e-01 
8.736248e-01 
8.580488e-01 
8.413144e-01 
8.235848e-01 
8.050232e-01 
7.857926e-01 
7.660563e-01 
7.459773e-01 
7.257188e-01 
7.054441e-01 
6.853162e-01 
6.654983e-01 
6.461535e-01 
6.274450e-01 
6.095359e-01 
5.925591e-01 
5.758882e-01 
5.592174e-01 
5.425466e-01 
5.258757e-01 
5.092049e-01 
4.925341e-01 
4.758632e-01 
4.591924e-01 
4.425216e-01 
4.258507e-01 
4.091799e-01 
3.925091e-01 
3.758382e-01 
3.591674e-01 
3.424966e-01 
3.258257e-01 
3.091549e-01 
2.924840e-01 
2.758132e-01 
2.591424e-01 
2.424715e-01 
2.258007e-01 
2.091299e-01 
1.924590e-01 
1.757882e-01 
1.591174e-01 
1.424465e-01 
1.257757e-01 
1.091049e-01 
9.243404e-02 
7.576320e-02 
5.909237e-02 
4.242153e-02 
2.575070e-02 
9.079864e-03 
-7.590970e-03 
-2.426180e-02 
-4.093264e-02 
-5.760347e-02 
-7.427431e-02 
-9.094514e-02 
-1.076160e-01 
-1.242868e-01 
-1.409576e-01 
-1.576285e-01 
-1.742993e-01 
-1.909701e-01 
-2.076410e-01 
-2.243118e-01 
-2.409827e-01 
-2.576535e-01 
-2.743243e-01 
-2.909952e-01 
-3.076660e-01 
-3.243368e-01 
-3.410077e-01 
-3.576785e-01 
-3.743493e-01 
-3.910202e-01 
-4.076971e-01 
-4.245055e-01 
-4.414735e-01 
-4.585714e-01 
-4.757698e-01 
-4.930393e-01 
-5.103505e-01 
-5.276739e-01 
-5.449801e-01 
-5.622396e-01 
-5.794231e-01 
-5.965009e-01 
-6.134438e-01 
-6.302223e-01 
-6.468069e-01 
-6.631682e-01 
-6.792767e-01 
-6.951031e-01 
-7.106178e-01 
-7.257915e-01 
-7.406397e-01 
-7.560518e-01 
-7.722518e-01 
-7.890654e-01 
-8.063184e-01 
-8.238364e-01 
-8.414452e-01 
-8.589706e-01 
-8.762382e-01 
-8.930739e-01 
-9.093033e-01 
-9.247522e-01 
-9.392464e-01 
-9.526115e-01 
-9.646732e-01 
-9.752575e-01 
-9.841898e-01 
-9.912961e-01 
-9.964020e-01 
-9.993333e-01 
-1 
-1 
-1 
-1 
-1 
-1 
-1 
-1 
-1 
-1 
-1 
-1 
-1 
-1 
-1 
-1 
-1 
-1 
-1 
-1 
-1 
-1 
-1 
-1 
-1 
-1 
-1 
-1 
-1 
-1 
-1 
-1 
-1 
-1 
-1 
-1 
-1 
-1 
-1 
-1 
-1 
-1 
-1 
-1 
-1 
-1 
-1 
-1 
-1 
-1 
-1 
-1 
-1 
-1 
-1 
-1 
-1 
-1 
-1 
-1 
-1 
-1 
-1 
-1 
-1 
-1 
-1 
-1 
-1 
-1 
-1 
-1 
-1 
-1 
-1 
-1 
-1 
-1 
-1 
-1 
-1 
-1 
-1 
-1 
-1 
-1 
-1 
-1 
-1 
-1 
-1 
-1 
-1 
-1 
-1 
-1 
-1 
-1 
-1 
-1 
-1 
-1 
-1 
-1 
-1 
-1 
-1 
-1 
-1 
-1 
-1 
-1 
-1 
-1 
-1 
-1 
-1 
-1 
-1 
-1 
-1 
-1 
-1 
-1 
-1 
-1 
-1 
-1 
-1 
-1 
-1 
-1 
-1 
-1 
-1 
-1 
-1 
-1 
-1 
-1 
-1 
-1 
-1 
-1 
-1 
-1 
-1 
-1 
-1 
-1 
-1 
-1 
-1 
-1 
-1 
-1 
-1 
-1 
-1 
-1 
-1 
-1 
-1 
-1 
-1 
-1 
-1 
-1 
-1 
-1 
-1 
-1 
-1 
-1 
-1 
-1 
-1 
-1 
-1 
-1 
-1 
-1 
-1 
-1 
-1 
-1 
-1 
-1 
-1 
-1 
-1 
-1 
-1 
-1 
-1 
-1 
-1 
-1 
-1 
-1 
-1 
-1 
-1 
-1 
-1 
-1 
-1 
-1 
-1 
-1 
-1 
-1 
-1 
-1 
-1 
-1 
-1 
-1 
-1 
-1 
-1 
-1 
-1 
-1 
-1 
-1 
-1 
-1 
-1 
-1 
-1 
-1 
-1 
-1 
-1 
-1 
-1 
-1 
-1 
-1 
-1 
-1 
-1 
-1 
-1 
-1 
-1 
-1 
-1 
-1 
-1 
-1 
-1 
-1 
-1 
-1 
-1 
-1 
-1 
-1 
-1 
-1 
-1 
-1 
-1 
-1 
-1 
-1 
-1 
-1 
-1 
-1 
-1 
-1 
-1 
-1 
-1 
-1 
-1 
-1 
-1 
-1 
-1 
-1 
-1 
-1 
-1 
-1 
-1 
-1 
-1 
-1 
-1 
-1 
-1 
-1 
-1 
-1 
-1 
-1 
-1 
-1 
-1 
-1 
-1 
-1 
-1 
-1 
-1 
-1 
-1 
-1 
-1 
-1 
-1 
-1 
-1 
-1 
-1 
-1 
-1 
-1 
-1 
-1 
-1 
-1 
-1 
-1 
-1 
-1 
-1 
-1 
-1 
-1 
-1 
-1 
-1 
-1 
-1 
-1 
-1 
-1 
-1 
-1 
-1 
-1 
-1 
-1 
-1 
-1 
-1 
-1 
-1 
-1 
-1 
-1 
-1 
-1 
-1 
-1 
-1 
-1 
-1 
-1 
-1 
-1 
-1 
-1 
-1 
-1 
-1 
-1 
-1 
-1 
-1 
-1 
-1 
-1 
-1 
-1 
-1 
-1 
-1 
-1 
-1 
-1 
-1 
-1 
-1 
-1 
-1 
-1 
-1 
-1 
-1 
-1 
-1 
-1 
-1 
-1 
-1 
-1 
-1 
-1 
-1 
-1 
-1 
-1 
-1 
-1 
-1 
-1 
-1 
-1 
-1 
-1 
-1 
-1 
-1 
-1 
-1 
-1 
-1 
-1 
-1 
-1 
-1 
-1 
-1 
-1 
-1 
-1 
-1 
-1 
-1 
-1 
-1 
-1 
-1 
-1 
-1 
-1 
-1 
-1 
-1 
-1 
-1 
-1 
-1 
-1 
-1 
-1 
-1 
-1 
-1 
-1 
-1 
-1 
-1 
-1 
-1 
-1 
-1 
-1 
-1 
-1 
-1 
-1 
-1 
-1 
-1 
-1 
-1 
-1 
-1 
-1 
-1 
-1 
-1 
-1 
-1 
-1 
-1 
-1 
-1 
-1 
-1 
-1 
-1 
-1 
-1 
-1 
-1 
-1 
-1 
-1 
-1 
-1 
-1 
-1 
-1 
-1 
-1 
-1 
-1 
-1 
-1 
-1 
-1 
-1 
-1 
-1 
-1 
-1 
-1 
-1 
-1 
-1 
-1 
-1 
-1 
-1 
-1.000000e+00 
-1.000000e+00 
-1.000000e+00 
-1.000000e+00 
-1.000000e+00 
-1.000000e+00 
-1.000000e+00 
-1.000000e+00 
-1.000000e+00 
-1.000000e+00 
-1.000000e+00 
-1.000000e+00 
-1.000000e+00 
-1.000000e+00 
-1.000000e+00 
-1.000000e+00 
-1.000000e+00 
-1.000000e+00 
-1.000000e+00 
-1.000000e+00 
-1.000000e+00 
-1.000000e+00 
-1.000000e+00 
-1.000000e+00 
-1.000000e+00 
-1.000000e+00 
-1.000000e+00 
-1.000000e+00 
-1.000000e+00 
-1.000000e+00 
-1.000000e+00 
-1.000000e+00 
-1.000000e+00 
-1.000000e+00 
-1.000000e+00 
-1.000000e+00 
-1 
-1 
-1 
-1 
-1 
-1 
-1 
-1 
-1 
-1 
-1 
-1 
-1 
-1 
-1 
-1 
-1 
-1 
-1 
-1 
-1 
-1 
-1 
-1 
-1 
-1 
-1 
-1 
-1 
-1 
-1 
-1 
-1 
-1 
-1 
-1 
-1 
-1 
-1 
-1 
-1 
-1 
-1 
-1 
-1 
-1 
-1 
-1 
-1 
-1 
-1 
-1 
-1 
-1 
-1 
-1 
-1 
-1 
-1 
-1 
-1 
-1 
-1 
-1 
-1 
-1 
-1 
-1 
-1 
-1 
-1 
-1 
-1 
-1 
-1 
-1 
-1 
-1 
-1 
-1 
-1 
-1 
-1 
-1 
-1 
-1 
-1 
-1 
-1 
-1 
-1 
-1 
-1 
-1 
-1 
-1 
-1 
-1 
-1 
-1 
-1 
-1 
-1 
-1 
-1 
-1 
-1 
-1 
-1 
-1 
-1 
-1 
-1 
-1 
-1 
-1 
-1 
-1 
-1 
-1 
-1 
-1 
-1 
-1 
-1 
-1 
-1 
-1 
-1 
-1 
-1 
-1 
-1 
-1 
-1 
-1 
-1 
-1 
-1 
-1 
-1 
-1 
-1 
-1 
-1 
-1 
-1 
-1 
-1 
-1 
-1 
-1 
-1 
-1 
-1 
-1 
-1 
-1 
-1 
-1 
-1 
-1 
-1 
-1 
-1 
-1 
-1 
-1 
-1 
-1 
-1 
-1 
-1 
-1 
-1 
-1 
-1 
-1 
-1 
-1 
-1 
-1 
-1 
-1 
-1 
-1 
-1 
-1 
-1 
-1 
-1 
-1 
-1 
-1 
-1 
-1 
-1 
-1 
-1 
-1 
-1 
-1 
-1 
-1 
-1 
-1 
-1 
-1 
-1 
-1 
-1 
-1 
-1 
-1 
-1 
-1 
-1 
-1 
-1 
-1 
-1 
-1 
-1 
-1 
-1 
-1 
-1 
-1 
-1 
-1 
-1 
-1 
-1 
-1 
-1 
-1 
-1 
-1 
-1 
-1 
-1 
-1 
-1 
-1 
-1 
-1 
-1 
-1 
-1 
-1 
-1 
-1 
-1 
-1 
-1 
-1 
-1 
-1 
-1 
-1 
-1 
-1 
-1 
-1 
-1 
-1 
-1 
-1 
-1 
-1 
-1 
-1 
-1.000000e+00 
-1.000000e+00 
-1.000000e+00 
-1.000000e+00 
-1.000000e+00 
-1.000000e+00 
-1.000000e+00 
-1.000000e+00 
-1.000000e+00 
-1.000000e+00 
-1.000000e+00 
-1.000000e+00 
-1.000000e+00 
-1.000000e+00 
-1.000000e+00 
-1.000000e+00 
-1.000000e+00 
-1.000000e+00 
-1 
-1 
-1 
-1 
-1 
-1 
-1 
-1.000000e+00 
-1.000000e+00 
-1.000000e+00 
-1.000000e+00 
-1.000000e+00 
-1.000000e+00 
-1.000000e+00 
-1.000000e+00 
-1.000000e+00 
-1.000000e+00 
-1.000000e+00 
-1.000000e+00 
-1.000000e+00 
-1.000000e+00 
-1.000000e+00 
-1.000000e+00 
-1.000000e+00 
-1.000000e+00 
-1 
-1 
-1 
-1 
-1 
-1 
-1 
-1 
-1 
-1 
-1 
-1 
-1 
-1 
-1 
-1 
-1.000000e+00 
-1.000000e+00 
-1.000000e+00 
-1.000000e+00 
-1.000000e+00 
-1.000000e+00 
-1.000000e+00 
-1.000000e+00 
-1.000000e+00 
-1.000000e+00 
-1.000000e+00 
-1.000000e+00 
-1.000000e+00 
-1.000000e+00 
-1.000000e+00 
-1.000000e+00 
-1.000000e+00 
-1.000000e+00 
-1 
-1 
-1 
-1 
-1 
-1.000000e+00 
-1.000000e+00 
-1.000000e+00 
-1.000000e+00 
-1.000000e+00 
-1.000000e+00 
-1.000000e+00 
-1.000000e+00 
-1.000000e+00 
-1.000000e+00 
-1.000000e+00 
-1.000000e+00 
-1.000000e+00 
-1.000000e+00 
-1.000000e+00 
-1.000000e+00 
-1.000000e+00 
-1.000000e+00 
-1.000000e+00 
-1.000000e+00 
-1.000000e+00 
-1 
-1 
-1 
-1 
-1 
-1 
-1 
-1 
-1 
-1 
-1 
-1 
-1 
-1 
-1 
-1 
-1 
-1 
-1 
-1 
-1 
-1 
-1 
-1 
-1 
-1 
-1 
-1 
-1 
-1 
-1 
-1 
-1 
-1 
-1 
-1 
-1 
-1 
-1 
-1 
-1 
-1 
-1 
-1 
-1 
-1 
-1 
-1 
-1 
-1 
-1 
-1 
-1 
-1 
-1 
-1 
-1 
-1 
-1 
-1 
-1 
-1 
-1 
-1 
-1 
-1 
-1 
-9.998538e-01 
-9.987429e-01 
-9.965933e-01 
-9.934688e-01 
-9.894330e-01 
-9.845497e-01 
-9.788825e-01 
-9.724951e-01 
-9.654511e-01 
-9.578143e-01 
-9.496483e-01 
-9.410168e-01 
-9.319834e-01 
-9.226119e-01 
-9.129660e-01 
-9.031092e-01 
-8.931053e-01 
-8.830180e-01 
-8.729109e-01 
-8.628477e-01 
-8.526966e-01 
-8.414298e-01 
-8.289731e-01 
-8.154272e-01 
-8.008929e-01 
-7.854709e-01 
-7.692618e-01 
-7.523664e-01 
-7.348854e-01 
-7.169195e-01 
-6.985694e-01 
-6.799358e-01 
-6.611193e-01 
-6.422209e-01 
-6.233410e-01 
-6.045805e-01 
-5.860400e-01 
-5.678203e-01 
-5.500221e-01 
-5.327460e-01 
-5.159997e-01 
-4.993289e-01 
-4.826581e-01 
-4.659872e-01 
-4.493164e-01 
-4.326456e-01 
-4.159747e-01 
-3.993039e-01 
-3.826330e-01 
-3.659622e-01 
-3.492914e-01 
-3.326205e-01 
-3.159497e-01 
-2.992789e-01 
-2.826080e-01 
-2.659372e-01 
-2.492664e-01 
-2.325955e-01 
-2.159247e-01 
-1.992539e-01 
-1.825830e-01 
-1.659122e-01 
-1.492414e-01 
-1.325705e-01 
-1.158997e-01 
-9.922886e-02 
-8.255803e-02 
-6.588719e-02 
-4.921636e-02 
-3.254553e-02 
-1.587469e-02 
7.961432e-04 
1.746698e-02 
3.413781e-02 
5.080865e-02 
6.747948e-02 
8.415032e-02 
1.008211e-01 
1.174920e-01 
1.341628e-01 
1.508337e-01 
1.675045e-01 
1.841753e-01 
2.008462e-01 
2.175170e-01 
2.341878e-01 
2.508587e-01 
2.675295e-01 
2.842003e-01 
3.008712e-01 
3.175420e-01 
3.342128e-01 
3.508837e-01 
3.675545e-01 
3.842253e-01 
4.008962e-01 
4.175670e-01 
4.342378e-01 
4.509087e-01 
4.675795e-01 
4.843132e-01 
5.014120e-01 
5.188582e-01 
5.365841e-01 
5.545219e-01 
5.726039e-01 
5.907624e-01 
6.089297e-01 
6.270382e-01 
6.450200e-01 
6.628074e-01 
6.803328e-01 
6.975285e-01 
7.143267e-01 
7.306597e-01 
7.464599e-01 
7.616594e-01 
7.761906e-01 
7.899858e-01 
8.029772e-01 
8.152919e-01 
8.278465e-01 
8.406788e-01 
8.536842e-01 
8.667578e-01 
8.797950e-01 
8.926910e-01 
9.053410e-01 
9.176403e-01 
9.294841e-01 
9.407678e-01 
9.513866e-01 
9.612357e-01 
9.702103e-01 
9.782059e-01 
9.851175e-01 
9.908405e-01 
9.952701e-01 
9.983017e-01 
9.998303e-01 
1 
1 
1 
1 
1 
1 
1 
1 
1 
1 
1 
1 
1 
1 
1 
1 
1 
1 
1 
1 
1 
1 
1 
1 
1.000000e+00 
1.000000e+00 
1.000000e+00 
1.000000e+00 
1.000000e+00 
1.000000e+00 
1.000000e+00 
1.000000e+00 
1.000000e+00 
1.000000e+00 
1.000000e+00 
1.000000e+00 
1.000000e+00 
1.000000e+00 
1.000000e+00 
1.000000e+00 
1.000000e+00 
1.000000e+00 
1.000000e+00 
1.000000e+00 
1.000000e+00 
1.000000e+00 
1.000000e+00 
1.000000e+00 
1.000000e+00 
1.000000e+00 
1.000000e+00 
1.000000e+00 
1.000000e+00 
1.000000e+00 
1.000000e+00 
1.000000e+00 
1.000000e+00 
1 
1 
1 
1 
1 
1 
1 
1 
1 
1 
1.000000e+00 
1.000000e+00 
1.000000e+00 
1.000000e+00 
1.000000e+00 
1.000000e+00 
1.000000e+00 
1.000000e+00 
1.000000e+00 
1.000000e+00 
1.000000e+00 
1.000000e+00 
1.000000e+00 
1.000000e+00 
1.000000e+00 
1.000000e+00 
1.000000e+00 
1.000000e+00 
1.000000e+00 
1.000000e+00 
1.000000e+00 
1 
1 
1 
1 
1 
1 
1 
1.000000e+00 
1.000000e+00 
1.000000e+00 
1.000000e+00 
1.000000e+00 
1.000000e+00 
1.000000e+00 
1.000000e+00 
1.000000e+00 
1.000000e+00 
1 
1 
1 
1 
1 
1 
1 
1.000000e+00 
1.000000e+00 
1.000000e+00 
1.000000e+00 
1.000000e+00 
1.000000e+00 
1.000000e+00 
1.000000e+00 
1.000000e+00 
1.000000e+00 
1.000000e+00 
1.000000e+00 
1.000000e+00 
1.000000e+00 
1.000000e+00 
1.000000e+00 
1.000000e+00 
1.000000e+00 
1.000000e+00 
1.000000e+00 
1 
1 
1 
1 
1 
1 
1 
1 
1 
1 
1 
1 
1.000000e+00 
1.000000e+00 
1.000000e+00 
1.000000e+00 
1.000000e+00 
1.000000e+00 
1.000000e+00 
1.000000e+00 
1.000000e+00 
1.000000e+00 
1.000000e+00 
1.000000e+00 
1.000000e+00 
1.000000e+00 
1.000000e+00 
1.000000e+00 
1.000000e+00 
1.000000e+00 
1.000000e+00 
1.000000e+00 
1.000000e+00 
1.000000e+00 
1.000000e+00 
1.000000e+00 
1.000000e+00 
1.000000e+00 
1.000000e+00 
1.000000e+00 
1.000000e+00 
1.000000e+00 
1.000000e+00 
1.000000e+00 
1 
1 
1 
1 
1 
1 
1 
1 
1 
1.000000e+00 
1.000000e+00 
1.000000e+00 
1.000000e+00 
1.000000e+00 
1.000000e+00 
1.000000e+00 
1.000000e+00 
1.000000e+00 
1.000000e+00 
1.000000e+00 
1.000000e+00 
1.000000e+00 
1.000000e+00 
1.000000e+00 
1.000000e+00 
1.000000e+00 
1.000000e+00 
1.000000e+00 
1.000000e+00 
1.000000e+00 
1.000000e+00 
1.000000e+00 
1.000000e+00 
1.000000e+00 
1.000000e+00 
1.000000e+00 
1.000000e+00 
1 
1 
1 
1 
1 
1 
1 
1 
1 
1 
1 
1 
1 
1 
1 
1 
1 
1 
1 
1 
1 
1 
1 
1 
1 
1 
1 
1 
1 
1 
1 
1 
1 
1 
1 
1 
1 
1 
1 
1 
1 
1 
1 
1 
1 
1 
1 
1 
1 
1 
1 
1 
1 
1 
1 
1 
1 
1 
1 
1 
1 
1 
1 
1 
1 
1 
1 
1 
1 
1 
1.000000e+00 
1.000000e+00 
1.000000e+00 
1.000000e+00 
1.000000e+00 
1.000000e+00 
1.000000e+00 
1.000000e+00 
1.000000e+00 
1.000000e+00 
1.000000e+00 
1.000000e+00 
1.000000e+00 
1.000000e+00 
1.000000e+00 
1.000000e+00 
1.000000e+00 
1.000000e+00 
1.000000e+00 
1.000000e+00 
1.000000e+00 
1.000000e+00 
1.000000e+00 
1.000000e+00 
1.000000e+00 
1.000000e+00 
1.000000e+00 
1.000000e+00 
1.000000e+00 
1.000000e+00 
1.000000e+00 
1.000000e+00 
1.000000e+00 
1.000000e+00 
1 
1 
1 
1 
1 
1 
1 
1 
1 
1 
1 
1 
1 
1 
1 
1 
1 
1 
1 
1 
1 
1 
1 
1 
1 
1 
1 
1 
1 
1 
1 
1 
1 
1 
1 
1 
1 
1 
1 
1 
1 
1 
1 
1 
1 
1 
1 
1 
1 
1 
1 
1 
1 
1 
1 
1 
1 
1 
1 
1 
1 
1 
1 
1 
1 
1 
1 
1 
1 
1 
1 
1 
1 
1 
1 
1 
1 
1 
1 
1 
1 
1 
1 
1 
1 
1 
1 
1 
1 
1 
1 
1 
1 
1 
1 
1 
1 
1 
1 
1 
1 
1 
1 
1 
1 
1 
1 
1 
1 
1 
1 
1 
1 
1 
1 
1 
1 
1 
1 
1 
1 
1 
1 
1 
1 
1 
1.000000e+00 
1.000000e+00 
1.000000e+00 
1.000000e+00 
1.000000e+00 
1.000000e+00 
1.000000e+00 
1.000000e+00 
1.000000e+00 
1.000000e+00 
1.000000e+00 
1.000000e+00 
1.000000e+00 
1.000000e+00 
1.000000e+00 
1.000000e+00 
1.000000e+00 
1.000000e+00 
1.000000e+00 
1.000000e+00 
1.000000e+00 
1.000000e+00 
1.000000e+00 
1.000000e+00 
1.000000e+00 
1.000000e+00 
1.000000e+00 
1.000000e+00 
1.000000e+00 
1.000000e+00 
1.000000e+00 
1.000000e+00 
1.000000e+00 
1.000000e+00 
1 
1 
1 
1 
1 
1 
1 
1 
1 
1 
1 
1 
1 
1 
1 
1 
1 
1 
1 
1 
1 
1 
1 
1 
1 
1 
1 
1 
1 
1 
1 
1 
1 
1 
1 
1 
1 
1 
1 
1 
1 
1 
1 
1 
1 
1 
1 
1 
1 
1 
1 
1 
1 
1 
1 
1 
1 
1 
1 
1 
1 
1 
1 
1 
1 
1 
1 
1 
1 
1 
1 
1 
1 
1 
1 
1 
1 
1 
1 
1 
1 
1 
1 
1 
1 
1 
1 
1 
1 
1 
1 
1 
1 
1 
1 
1 
1 
1 
1 
1 
1 
1 
1 
1 
1 
1 
1 
1 
1 
1 
1 
1 
1 
1 
1 
1 
1 
1 
1 
1 
1 
1 
1 
1 
1 
1 
1 
1 
1 
1 
1 
1 
1 
1 
1 
1 
1 
1 
1 
1 
1 
1 
1 
1 
1 
1 
1 
1 
1 
1 
1 
1 
1 
1 
1 
1 
1 
1 
1 
1 
1 
1 
1 
1 
1 
1 
1 
1 
1 
1 
1 
1 
1 
1 
1 
1 
1 
1 
1 
1 
1 
1 
1 
1 
1 
1 
1 
1 
1 
1 
1 
1 
1 
1 
1 
1 
1 
1 
1 
1 
1 
1 
1 
1 
1 
1 
1 
1 
1 
1 
1 
1 
1 
1 
1 
1 
1 
1 
1 
1 
1 
1 
1 
1 
1 
1 
1 
1 
1 
1 
1 
1 
1 
1 
1 
1 
1 
1 
1 
1 
1 
1 
1 
1 
1 
1 
1 
1 
1 
1 
1 
1 
1 
1 
1 
1 
1 
1 
1 
1 
1 
1 
1 
1 
1 
1 
1 
1 
1 
1 
1 
1 
1 
1 
1 
1 
1 
1 
1 
1 
1 
1 
1 
1 
1 
1 
1 
1 
1 
1 
1 
1 
1 
1 
1 
1 
1 
1 
1 
1 
1 
1 
1 
1 
1 
1 
1 
1 
1 
1 
1 
1 
1 
1 
1 
1 
1 
1 
1 
1 
1 
1 
1 
1 
1 
1 
1 
1 
1 
1 
1 
1 
1 
1 
1 
1 
1 
1 
1 
1 
1 
1 
1 
1 
1 
1 
1 
1 
1 
1 
1 
1 
1 
1 
1 
1 
1 
1 
1 
1 
1 
1 
1 
1 
1 
1 
1 
1 
1 
1 
1 
1 
1 
1 
1 
1 
1 
1 
1 
1 
1 
1 
1 
1 
1 
1 
1 
1 
1 
1 
1 
1 
1 
1 
1 
1 
1 
1 
1 
1 
1 
1 
1 
9.998591e-01 
9.992596e-01 
9.982074e-01 
9.967214e-01 
9.948208e-01 
9.925247e-01 
9.898521e-01 
9.868223e-01 
9.834542e-01 
9.797670e-01 
9.757799e-01 
9.715119e-01 
9.669820e-01 
9.622095e-01 
9.572135e-01 
9.520129e-01 
9.466270e-01 
9.410749e-01 
9.353756e-01 
9.295482e-01 
9.230156e-01 
9.145090e-01 
9.041354e-01 
8.920564e-01 
8.784334e-01 
8.634280e-01 
8.472017e-01 
8.299159e-01 
8.117322e-01 
7.928121e-01 
7.733170e-01 
7.534085e-01 
7.332480e-01 
7.129971e-01 
6.928172e-01 
6.728699e-01 
6.533167e-01 
6.343190e-01 
6.160384e-01 
5.986364e-01 
5.819386e-01 
5.652678e-01 
5.485969e-01 
5.319261e-01 
5.152553e-01 
4.985844e-01 
4.819136e-01 
4.652428e-01 
4.485719e-01 
4.319011e-01 
4.152303e-01 
3.985594e-01 
3.818886e-01 
3.652178e-01 
3.485469e-01 
3.318761e-01 
3.152053e-01 
2.985344e-01 
2.818636e-01 
2.651928e-01 
2.485219e-01 
2.318511e-01 
2.151803e-01 
1.985094e-01 
1.818386e-01 
1.651678e-01 
1.484969e-01 
1.318261e-01 
1.151553e-01 
9.848442e-02 
8.181358e-02 
6.514275e-02 
4.847191e-02 
3.180108e-02 
1.513024e-02 
-1.540590e-03 
-1.821142e-02 
-3.488226e-02 
-5.155309e-02 
-6.822393e-02 
-8.489476e-02 
-1.015656e-01 
-1.182364e-01 
-1.349073e-01 
-1.515781e-01 
-1.682489e-01 
-1.849198e-01 
-2.015906e-01 
-2.182614e-01 
-2.349323e-01 
-2.516031e-01 
-2.682739e-01 
-2.849448e-01 
-3.016156e-01 
-3.182864e-01 
-3.349573e-01 
-3.516281e-01 
-3.682989e-01 
-3.849698e-01 
-4.016406e-01 
-4.183718e-01 
-4.352759e-01 
-4.523272e-01 
-4.694956e-01 
-4.867508e-01 
-5.040626e-01 
-5.214009e-01 
-5.387354e-01 
-5.560359e-01 
-5.732722e-01 
-5.904142e-01 
-6.074315e-01 
-6.242941e-01 
-6.409717e-01 
-6.574341e-01 
-6.736512e-01 
-6.895926e-01 
-7.052283e-01 
-7.205280e-01 
-7.354614e-01 
-7.504274e-01 
-7.662191e-01 
-7.826934e-01 
-7.996778e-01 
-8.169995e-01 
-8.344861e-01 
-8.519649e-01 
-8.692633e-01 
-8.862088e-01 
-9.026287e-01 
-9.183504e-01 
-9.332015e-01 
-9.470091e-01 
-9.596008e-01 
-9.708040e-01 
-9.804461e-01 
-9.883544e-01 
-9.943564e-01 
-9.982795e-01 
-9.999511e-01 
-1 
-1 
-1 
-1 
-1 
-1 
-1 
-1 
-1 
-1 
-1 
-1 
-1 
-1 
-1 
-1 
-1 
-1 
-1 
-1 
-1 
-1 
-1 
-1 
-1 
-1 
-1 
-1 
-1 
-1 
-1 
-1 
-1 
-1 
-1 
-1 
-1 
-1 
-1 
-1 
-1 
-1 
-1 
-1 
-1 
-1 
-1 
-1 
-1 
-1 
-1 
-1 
-1 
-1 
-1 
-1 
-1 
-1 
-1 
-1 
-1 
-1 
-1 
-1 
-1 
-1 
-1 
-1 
-1 
-1 
-1 
-1 
-1 
-1 
-1 
-1 
-1 
-1 
-1 
-1 
-1 
-1 
-1 
-1 
-1 
-1 
-1 
-1 
-1 
-1 
-1 
-1 
-1 
-1 
-1 
-1 
-1 
-1 
-1 
-1 
-1 
-1 
-1 
-1 
-1 
-1 
-1 
-1 
-1 
-1 
-1 
-1 
-1 
-1 
-1 
-1 
-1 
-1 
-1 
-1 
-1 
-1 
-1 
-1 
-1 
-1 
-1 
-1 
-1 
-1 
-1 
-1 
-1 
-1 
-1 
-1 
-1 
-1 
-1 
-1 
-1 
-1 
-1 
-1 
-1 
-1 
-1 
-1 
-1 
-1 
-1 
-1 
-1 
-1 
-1 
-1 
-1 
-1 
-1 
-1 
-1 
-1 
-1 
-1 
-1 
-1 
-1 
-1 
-1 
-1 
-1 
-1 
-1 
-1 
-1 
-1 
-1 
-1 
-1 
-1 
-1 
-1 
-1 
-1 
-1 
-1 
-1 
-1 
-1 
-1 
-1 
-1 
-1 
-1 
-1 
-1 
-1 
-1 
-1 
-1 
-1 
-1 
-1 
-1 
-1 
-1 
-1 
-1 
-1 
-1 
-1 
-1 
-1 
-1 
-1 
-1 
-1 
-1 
-1 
-1 
-1 
-1 
-1 
-1 
-1 
-1 
-1 
-1 
-1 
-1 
-1 
-1 
-1 
-1 
-1 
-1 
-1 
-1 
-1 
-1 
-1 
-1 
-1 
-1 
-1 
-1 
-1 
-1 
-1 
-1 
-1 
-1 
-1 
-1 
-1 
-1 
-1 
-1 
-1 
-1 
-1 
-1 
-1 
-1 
-1 
-1 
-1 
-1 
-1 
-1 
-1 
-1 
-1 
-1 
-1 
-1 
-1 
-1 
-1 
-1 
-1 
-1 
-1 
-1 
-1 
-1 
-1 
-1 
-1 
-1 
-1 
-1 
-1 
-1 
-1 
-1 
-1 
-1 
-1 
-1 
-1 
-1 
-1 
-1 
-1 
-1 
-1 
-1 
-1 
-1 
-1 
-1 
-1 
-1 
-1 
-1 
-1 
-1 
-1 
-1 
-1 
-1 
-1 
-1 
-1 
-1 
-1 
-1 
-1 
-1 
-1 
-1 
-1 
-1 
-1 
-1 
-1 
-1 
-1 
-1 
-1 
-1 
-1 
-1 
-1 
-1 
-1 
-1 
-1 
-1 
-1 
-1 
-1 
-1 
-1 
-1 
-1 
-1 
-1 
-1 
-1 
-1 
-1 
-1 
-1 
-1 
-1 
-1 
-1 
-1 
-1 
-1 
-1 
-1 
-1 
-1 
-1 
-1 
-1 
-1 
-1 
-1 
-1 
-1 
-1 
-1 
-1 
-1 
-1 
-1 
-1 
-1 
-1 
-1 
-1 
-1 
-1 
-1 
-1 
-1 
-1 
-1 
-1 
-1 
-1 
-1 
-1 
-1 
-1 
-1 
-1 
-1 
-1 
-1 
-1 
-1 
-1 
-1 
-1 
-1 
-1 
-1 
-1 
-1 
-1 
-1 
-1 
-1 
-1 
-1 
-1 
-1 
-1 
-1 
-1 
-1 
-1 
-1 
-1 
-1 
-1 
-1 
-1 
-1 
-1 
-1 
-1 
-1 
-1 
-1 
-1 
-1 
-1 
-1 
-1 
-1 
-1 
-1 
-1 
-1 
-1 
-1 
-1 
-1 
-1 
-1 
-1 
-1 
-1 
-1 
-1 
-1 
-1 
-1 
-1 
-1 
-1 
-1 
-1 
-1 
-1 
-1 
-1 
-1 
-1 
-1 
-1 
-1 
-1 
-1 
-1 
-1 
-1 
-1 
-1 
-1 
-1 
-1 
-1 
-1 
-1 
-1 
-1 
-1 
-1 
-1 
-1 
-1 
-1 
-1 
-1 
-1 
-1 
-1 
-1 
-1 
-1 
-1 
-1 
-1 
-1 
-1 
-1 
-1 
-1 
-1 
-1 
-1 
-1 
-1 
-1 
-1 
-1 
-1 
-1 
-1 
-1 
-1 
-1 
-1 
-1 
-1 
-1 
-1 
-1 
-1 
-1 
-1 
-1 
-1 
-1 
-1 
-1 
-1 
-1 
-1 
-1 
-1 
-1 
-1 
-1 
-1 
-1 
-1 
-1 
-1 
-1 
-1 
-1 
-1 
-1 
-1 
-1 
-1 
-1 
-1 
-1 
-1 
-1 
-1 
-1 
-1 
-1 
-1 
-1 
-1 
-1 
-1 
-1 
-1 
-1 
-1 
-1 
-1 
-1 
-1 
-1 
-1 
-1 
-1 
-1 
-1 
-1 
-1 
-1 
-1 
-1 
-1 
-1 
-1 
-1 
-1 
-1 
-1 
-1 
-1 
-1 
-1 
-1 
-1 
-1 
-1 
-1 
-1 
-1 
-1 
-1 
-1 
-1 
-1 
-1 
-1 
-1 
-1 
-1 
-1 
-1 
-1 
-1 
-1 
-1 
-1 
-1 
-1 
-1 
-1 
-1 
-1 
-1 
-1 
-1 
-1 
-1 
-1 
-1 
-1 
-1 
-1 
-1 
-1 
-1 
-1 
-1 
-1 
-1.000000e+00 
-1.000000e+00 
-1.000000e+00 
-1.000000e+00 
-1.000000e+00 
-1.000000e+00 
-1.000000e+00 
-1.000000e+00 
-1.000000e+00 
-1.000000e+00 
-1.000000e+00 
-1.000000e+00 
-1.000000e+00 
-1.000000e+00 
-1.000000e+00 
-1.000000e+00 
-1.000000e+00 
-1.000000e+00 
-1.000000e+00 
-1.000000e+00 
-1.000000e+00 
-1.000000e+00 
-1.000000e+00 
-1.000000e+00 
-1.000000e+00 
-1.000000e+00 
-1.000000e+00 
-1.000000e+00 
-1.000000e+00 
-1.000000e+00 
-1.000000e+00 
-1.000000e+00 
-1.000000e+00 
-1 
-1 
-1 
-1 
-1 
-1 
-1 
-1 
-1 
-1 
-1.000000e+00 
-1.000000e+00 
-1.000000e+00 
-1.000000e+00 
-1.000000e+00 
-1.000000e+00 
-1.000000e+00 
-1.000000e+00 
-1.000000e+00 
-1.000000e+00 
-1.000000e+00 
-1.000000e+00 
-1.000000e+00 
-1.000000e+00 
-1.000000e+00 
-1.000000e+00 
-1.000000e+00 
-1.000000e+00 
-1.000000e+00 
-1.000000e+00 
-1.000000e+00 
-1.000000e+00 
-1.000000e+00 
-1.000000e+00 
-1.000000e+00 
-1.000000e+00 
-1.000000e+00 
-1.000000e+00 
-1.000000e+00 
-1.000000e+00 
-1.000000e+00 
-1.000000e+00 
-1.000000e+00 
-9.984220e-01 
-9.937558e-01 
-9.862512e-01 
-9.761585e-01 
-9.637277e-01 
-9.492091e-01 
-9.328529e-01 
-9.149093e-01 
-8.956284e-01 
-8.752604e-01 
-8.540556e-01 
-8.322640e-01 
-8.101360e-01 
-7.879217e-01 
-7.658712e-01 
-7.442348e-01 
-7.232626e-01 
-7.032049e-01 
-6.843118e-01 
-6.668335e-01 
-6.501625e-01 
-6.334917e-01 
-6.168209e-01 
-6.001500e-01 
-5.834792e-01 
-5.668084e-01 
-5.501375e-01 
-5.334667e-01 
-5.167959e-01 
-5.001250e-01 
-4.834542e-01 
-4.667834e-01 
-4.501125e-01 
-4.334417e-01 
-4.167709e-01 
-4.001000e-01 
-3.834292e-01 
-3.667584e-01 
-3.500875e-01 
-3.334167e-01 
-3.167459e-01 
-3.000750e-01 
-2.834042e-01 
-2.667334e-01 
-2.500625e-01 
-2.333917e-01 
-2.167208e-01 
-2.000500e-01 
-1.833792e-01 
-1.667083e-01 
-1.500375e-01 
-1.333667e-01 
-1.166958e-01 
-1.000250e-01 
-8.335417e-02 
-6.668334e-02 
-5.001250e-02 
-3.334167e-02 
-1.667083e-02 
0 
